0 21
0 22
0 92
0 93
0 94
0 129
0 136
0 144
0 160
0 170
0 190
0 217
0 266
0 267
0 280
0 285
0 300
0 303
0 306
0 315
1 119
1 194
1 346
5 169
7 87
7 246
9 85
13 118
13 261
20 162
21 88
21 203
21 272
23 175
24 92
25 79
25 332
26 67
26 203
26 257
34 173
41 151
48 119
48 199
55 261
56 113
56 285
57 249
59 203
59 271
60 239
62 98
66 252
67 82
67 136
67 169
67 297
68 263
69 304
80 94
80 194
82 172
88 336
91 193
97 182
98 148
98 331
100 269
103 323
104 322
107 897
107 905
107 922
107 949
107 952
107 1001
107 1011
107 1036
107 1056
107 1067
107 1071
107 1101
107 1104
107 1126
107 1134
107 1147
107 1178
107 1189
107 1192
107 1198
107 1261
107 1279
107 1321
107 1323
107 1329
107 1346
107 1353
107 1409
107 1421
107 1453
107 1467
107 1470
107 1472
107 1491
107 1498
107 1500
107 1511
107 1521
107 1524
107 1533
107 1540
107 1545
107 1584
107 1594
107 1600
107 1615
107 1646
107 1647
107 1722
107 1723
107 1738
107 1751
107 1759
107 1817
107 1820
107 1847
107 1862
107 1867
107 1881
107 1893
107 1894
107 1909
108 272
109 229
109 285
109 324
109 332
113 252
116 226
119 313
120 247
122 200
122 224
122 344
123 142
128 334
130 257
133 280
136 285
136 322
136 2224
136 2254
136 2511
142 169
142 271
142 332
143 225
148 185
158 291
166 173
166 198
167 337
169 291
171 2838
172 223
172 252
173 464
175 278
176 290
178 272
186 271
186 322
188 280
188 291
188 315
196 266
197 284
198 549
199 238
200 224
200 252
203 223
203 239
203 277
203 322
203 341
204 329
211 285
212 304
213 242
213 332
231 280
232 285
236 276
238 239
242 266
243 310
254 299
258 323
259 264
261 325
265 271
268 325
271 314
277 334
280 291
280 332
304 315
308 323
312 343
314 342
322 329
348 359
348 362
348 386
348 389
348 404
348 434
348 495
348 497
348 523
348 545
350 433
350 563
351 564
352 517
353 500
353 1878
354 452
357 419
357 469
359 367
360 561
361 475
363 409
363 463
363 475
363 517
363 538
363 580
363 669
363 1400
366 438
366 484
366 526
366 1001
366 1358
366 1645
367 422
367 489
367 504
368 404
368 517
368 521
368 553
369 389
369 554
370 373
370 414
373 397
373 523
373 525
373 651
374 376
374 506
376 396
376 465
376 553
376 586
376 604
378 434
378 513
378 517
380 509
388 566
389 505
389 516
389 1428
389 1496
389 1745
391 483
391 548
391 563
391 614
392 515
392 561
394 400
394 414
394 475
394 520
395 452
396 475
397 420
398 404
400 488
402 444
402 482
402 508
402 514
403 497
404 409
404 479
404 559
407 533
408 456
408 503
408 538
408 560
409 460
410 463
410 548
412 416
412 438
412 493
412 503
412 533
412 537
412 565
412 569
414 434
414 585
414 599
414 613
414 650
414 664
417 460
418 523
418 568
419 430
419 440
419 456
420 1692
421 445
421 563
422 474
422 655
422 663
423 456
423 587
423 604
424 551
425 427
428 930
428 1179
428 1912
430 439
430 561
431 465
431 487
431 515
431 545
432 514
432 544
432 569
436 461
436 483
436 523
438 513
438 596
438 606
438 645
439 465
444 483
444 523
445 493
451 503
451 569
452 475
452 531
455 529
455 568
456 494
457 551
460 475
460 508
463 475
465 475
465 535
465 544
465 559
466 531
467 532
469 554
471 567
471 569
473 561
474 557
475 497
475 553
475 580
475 930
480 540
480 543
480 563
483 503
483 580
483 917
483 1020
483 1273
483 1392
483 1543
483 1751
483 1870
483 1881
483 1882
484 637
484 913
484 968
484 1374
484 1778
487 500
487 556
488 496
496 637
497 565
504 506
504 510
505 551
506 514
506 604
507 513
507 524
513 514
513 525
513 542
513 557
514 561
517 580
517 1543
524 553
524 565
524 651
525 542
526 1075
526 1557
526 1688
531 568
537 559
538 580
538 1179
538 1349
539 568
540 560
542 683
543 558
544 683
553 561
563 1217
566 1237
566 1630
566 1673
573 623
573 633
573 680
574 616
579 597
579 616
579 620
580 641
580 936
580 1565
580 1694
582 583
584 639
584 660
589 597
590 591
592 603
596 1129
596 1148
599 675
600 650
601 1122
606 641
606 1620
609 626
611 654
614 637
619 678
629 630
632 670
637 936
637 1423
637 1645
640 661
641 915
643 670
647 681
650 665
653 672
653 678
653 685
680 685
686 693
686 712
686 728
686 737
686 750
686 760
686 766
686 777
686 844
686 849
687 828
688 770
688 823
689 789
694 696
694 706
694 760
694 848
695 713
695 844
697 698
697 726
697 766
697 805
698 830
698 859
698 862
698 864
698 891
698 893
703 728
703 781
705 706
706 773
706 810
707 714
708 713
708 869
709 754
711 766
713 738
713 751
713 777
713 787
713 810
715 827
719 726
720 764
725 732
728 792
730 764
731 781
736 742
736 746
738 795
750 770
752 805
752 810
754 773
756 826
759 766
765 843
766 828
766 834
767 839
770 828
773 824
774 823
776 885
780 835
781 814
781 817
784 813
787 849
792 807
804 849
807 856
811 856
811 869
812 837
817 850
819 835
820 824
824 840
828 844
828 845
828 847
835 838
856 869
856 888
857 862
857 3495
862 3456
864 893
896 1081
896 1215
896 1628
896 1728
897 1160
897 1447
897 1791
898 1066
898 1108
898 1316
902 981
906 1811
912 1536
912 1776
913 1222
916 1069
916 1156
916 1182
916 1207
916 1290
916 1799
916 1864
917 954
917 965
917 1412
917 1661
917 1738
919 1020
921 1393
921 1467
921 1608
921 1714
922 1839
923 961
924 1500
925 1199
925 1243
925 1399
925 1554
925 1746
925 1827
927 1563
927 1603
927 1608
927 1621
927 1639
928 1061
930 1870
932 1370
932 1420
932 1571
932 1594
932 1685
932 1902
933 1820
934 1610
934 1753
936 1179
936 1882
938 1232
941 1020
942 1324
942 1894
944 1169
944 1472
944 1634
944 1876
946 967
946 968
946 1312
946 1370
946 1741
946 1888
947 999
947 1416
947 1610
947 1757
948 1773
949 1529
951 1687
952 1149
952 1269
952 1612
952 1761
953 993
953 1056
953 1487
953 1559
953 1809
954 1020
954 1066
954 1235
954 1245
955 1111
956 979
957 1438
957 1459
958 1137
958 1733
958 1895
959 1380
959 1868
960 1069
960 1078
960 1471
960 1551
960 1799
960 1833
961 1038
962 1910
964 1005
964 1373
964 1482
965 1536
966 1024
966 1086
966 1153
966 1289
966 1556
966 1621
966 1849
967 1390
967 1402
967 1405
967 1520
967 1528
967 1663
967 1689
967 1752
967 1782
968 1062
968 1172
968 1334
968 1436
968 1897
969 1099
972 1006
972 1238
973 1561
978 1329
978 1351
978 1389
978 1621
978 1622
978 1819
978 1827
978 1835
980 1239
980 1554
980 1563
980 1734
980 1861
983 1083
983 1370
984 1495
984 1706
985 1127
986 1308
988 1479
989 1680
989 1720
992 1333
993 1086
993 1172
993 1389
993 1431
993 1637
993 1643
993 1669
993 1799
994 1492
994 1573
995 1553
995 1665
995 1722
997 1163
997 1180
997 1191
997 1256
997 1509
997 1571
997 1722
997 1902
998 1330
999 1532
999 1603
1002 1208
1003 1059
1003 1184
1003 1331
1003 1557
1003 1637
1003 1721
1003 1746
1003 1799
1004 1287
1004 1289
1006 1124
1006 1163
1006 1199
1006 1341
1006 1471
1006 1603
1006 1736
1006 1823
1009 1729
1010 1781
1011 1482
1012 1074
1014 1108
1014 1595
1014 1611
1014 1812
1017 1149
1017 1289
1017 1390
1017 1399
1017 1401
1017 1793
1017 1909
1018 1324
1018 1720
1020 1508
1020 1729
1021 1475
1024 1163
1024 1390
1024 1491
1026 1730
1028 1365
1028 1449
1028 1589
1028 1612
1029 1086
1029 1220
1029 1460
1029 1513
1031 1165
1032 1086
1032 1261
1032 1273
1033 1307
1033 1433
1036 1227
1036 1841
1037 1541
1038 1861
1040 1519
1040 1622
1041 1070
1044 1715
1047 1267
1047 1557
1047 1827
1047 1835
1048 1449
1048 1570
1048 1584
1048 1827
1048 1835
1049 1416
1049 1621
1051 1188
1051 1703
1052 1299
1052 1348
1054 1608
1054 1644
1055 1666
1055 1779
1056 1238
1056 1861
1059 1128
1059 1184
1059 1339
1059 1572
1060 1257
1062 1630
1064 1356
1064 1743
1066 1192
1067 1298
1067 1322
1067 1438
1067 1479
1068 1153
1068 1712
1069 1621
1070 1258
1070 1259
1070 1496
1070 1507
1070 1529
1070 1760
1072 1121
1072 1709
1074 1191
1074 1460
1074 1888
1075 1376
1075 1407
1075 1867
1076 1079
1076 1149
1076 1181
1076 1250
1076 1605
1076 1653
1076 1768
1076 1861
1077 1465
1077 1858
1078 1437
1078 1456
1078 1538
1078 1554
1078 1620
1078 1621
1078 1643
1078 1833
1079 1351
1079 1447
1079 1539
1079 1652
1079 1688
1082 1158
1082 1322
1083 1163
1083 1336
1083 1559
1085 1193
1085 1420
1085 1555
1085 1719
1085 3525
1085 3633
1085 3943
1086 1091
1086 1128
1086 1184
1086 1222
1086 1256
1086 1598
1086 1600
1086 1680
1086 1746
1091 1472
1092 1398
1092 1559
1093 1569
1097 1648
1098 1593
1099 1638
1099 1907
1101 1376
1101 1402
1101 1431
1101 1768
1101 1809
1102 1373
1102 1894
1104 1322
1104 1857
1104 1894
1106 1418
1107 1267
1107 1652
1107 1730
1107 1879
1108 1786
1110 1242
1110 1377
1112 1209
1112 1390
1112 1757
1114 1263
1114 1512
1115 1899
1116 1688
1117 1214
1117 1361
1117 1377
1117 1470
1117 1730
1117 1826
1117 1864
1120 1292
1120 1448
1121 1472
1121 1496
1122 1673
1123 1782
1123 1851
1124 1542
1124 1610
1124 1675
1125 1132
1125 1351
1125 1390
1125 1604
1125 1714
1125 1730
1125 1886
1126 1305
1126 1336
1126 1380
1126 1399
1126 1554
1126 1590
1126 1659
1126 1663
1126 1761
1127 1709
1128 1211
1128 1584
1128 1663
1129 1277
1129 1322
1129 1691
1130 1135
1130 1211
1130 1833
1130 1849
1130 1888
1132 1589
1132 1623
1132 1833
1132 1849
1135 1723
1136 1433
1136 1511
1136 1866
1137 1892
1139 1260
1139 1703
1140 1173
1140 1317
1141 1785
1142 1616
1142 1844
1144 1251
1144 1421
1146 1302
1146 1305
1146 1610
1146 1726
1148 1190
1148 1192
1148 1438
1148 1492
1148 1859
1149 1272
1149 1752
1149 1816
1149 1839
1153 1181
1153 1390
1153 1669
1153 1714
1153 1761
1153 1826
1155 1358
1156 1632
1156 1804
1158 1479
1158 1576
1159 1225
1160 1243
1160 1331
1160 1359
1160 1519
1160 1675
1161 1779
1163 1185
1163 1331
1163 1668
1166 1324
1166 1812
1167 1225
1167 1633
1170 1282
1170 1549
1172 1517
1172 1597
1172 1604
1172 1842
1173 1180
1173 1199
1173 1447
1173 1520
1173 1608
1173 1613
1173 1800
1175 1180
1175 1509
1175 1600
1175 1622
1175 1809
1175 1827
1178 1866
1180 1330
1180 1520
1180 1730
1181 1365
1182 1191
1182 1195
1182 1255
1183 1686
1184 1267
1184 1532
1184 1605
1184 1643
1184 1652
1184 1736
1184 1769
1184 1793
1184 1827
1184 1888
1185 1219
1185 1250
1185 1334
1185 1522
1185 1621
1185 1736
1185 1753
1185 1809
1185 1819
1185 1868
1188 1500
1189 1348
1190 1231
1191 1407
1192 1345
1192 1691
1195 1614
1195 1669
1195 1846
1196 1753
1198 1335
1198 1375
1198 1746
1199 1238
1199 1336
1199 1351
1199 1556
1199 1717
1199 1804
1199 1864
1201 1377
1201 1447
1201 1483
1204 1227
1204 1257
1204 1284
1204 1315
1204 1432
1204 1611
1204 1628
1204 1894
1205 1207
1205 1238
1205 1551
1205 1730
1205 1741
1205 1804
1207 1285
1207 1380
1207 1604
1207 1665
1207 1886
1209 1572
1209 1600
1209 1757
1211 1563
1211 1665
1211 1761
1211 1833
1212 1356
1213 1507
1214 1289
1214 1376
1214 1522
1214 1598
1214 1605
1214 1609
1214 1863
1215 1591
1215 1649
1216 1548
1217 1343
1217 1492
1218 1889
1219 1519
1219 1902
1220 1367
1221 1279
1222 1335
1222 1361
1222 1497
1222 1557
1222 1736
1222 1879
1223 1385
1225 1686
1226 1246
1226 1259
1227 1229
1229 1587
1230 1431
1230 1685
1230 1752
1232 1895
1234 1566
1235 1350
1235 1436
1235 1647
1235 1783
1235 1841
1235 1884
1236 1275
1236 1308
1236 1770
1237 1313
1238 1255
1238 1361
1238 1402
1238 1522
1238 1551
1238 1832
1242 1341
1243 1528
1246 1862
1247 1273
1249 1338
1250 1278
1250 1653
1250 1712
1250 1730
1251 1705
1255 1603
1255 1604
1255 1659
1255 1768
1256 1458
1256 1520
1256 1563
1256 1610
1256 1620
1256 1816
1256 1826
1258 1584
1258 1658
1258 1807
1259 1709
1259 1783
1260 1525
1261 1406
1261 1495
1261 1732
1267 1390
1267 1520
1269 1391
1269 1559
1269 1816
1271 1331
1271 1604
1271 1722
1271 1793
1271 1888
1272 1352
1272 1420
1272 1431
1272 1730
1272 1800
1272 1836
1273 1286
1273 1502
1274 1325
1274 1593
1275 1338
1277 1790
1277 1875
1278 1810
1278 1867
1279 1292
1279 1345
1279 1475
1279 1628
1280 1637
1280 1722
1280 1804
1281 1508
1281 1828
1283 1803
1283 1852
1287 1352
1287 1456
1287 1547
1288 1399
1288 1457
1288 1547
1288 1663
1288 1868
1289 1809
1289 1839
1290 1620
1290 1730
1290 1754
1291 1352
1291 1488
1291 1530
1291 1590
1291 1668
1292 1392
1292 1479
1292 1628
1292 1647
1292 1720
1292 1841
1292 1862
1293 1662
1298 1583
1298 1591
1298 1611
1299 1304
1303 1427
1303 1729
1305 1683
1305 1782
1305 1886
1306 1525
1309 1495
1309 1582
1310 1366
1310 1686
1311 1415
1312 1485
1312 1617
1313 1673
1313 1844
1314 1548
1314 1747
1315 1647
1316 1894
1317 1534
1318 1549
1318 1763
1320 1778
1322 1573
1323 1563
1323 1643
1323 1813
1323 1839
1323 1842
1325 1555
1327 1369
1327 1702
1329 1393
1329 1431
1329 1539
1329 1663
1329 1753
1329 1842
1330 1388
1330 1669
1330 1707
1330 1804
1331 1376
1331 1377
1331 1431
1331 1746
1331 1861
1332 1543
1333 1629
1334 1420
1334 1613
1334 1620
1335 1351
1335 1471
1335 1632
1335 1707
1337 1384
1337 1537
1337 1860
1338 1630
1339 1612
1339 1644
1339 1746
1339 1799
1339 1879
1339 1886
1340 1612
1340 1810
1341 1471
1341 1612
1341 1619
1341 1665
1341 1735
1341 1839
1341 1842
1344 1352
1344 1524
1344 1623
1344 1689
1344 1771
1344 1799
1344 1804
1345 1347
1345 1875
1347 1742
1347 1872
1348 1624
1349 1645
1350 1611
1351 1547
1351 1849
1352 1613
1352 1623
1352 1668
1352 1799
1352 1839
1352 1886
1357 1397
1357 1688
1358 1397
1358 1740
1359 1813
1360 1698
1360 1726
1361 1409
1361 1722
1361 1796
1361 1835
1365 1623
1367 1530
1367 1659
1367 1782
1367 1833
1369 1509
1369 1846
1370 1391
1370 1409
1370 1622
1370 1823
1371 1378
1372 1478
1375 1621
1376 1491
1376 1547
1376 1662
1376 1685
1377 1449
1377 1467
1377 1800
1377 1879
1377 1881
1379 1462
1379 1857
1380 1391
1380 1447
1380 1457
1380 1584
1380 1789
1380 1809
1380 1879
1382 1812
1388 1707
1388 1868
1389 1391
1389 1447
1390 1491
1390 1622
1390 1632
1390 1712
1390 1730
1390 1757
1390 1823
1391 1470
1391 1520
1391 1662
1391 1839
1391 1849
1391 1868
1392 1432
1392 1857
1398 1668
1399 1431
1399 1750
1399 1752
1404 1596
1404 1628
1404 1857
1405 1509
1405 1513
1405 1590
1405 3019
1406 1786
1408 1574
1409 1447
1409 1571
1409 1835
1409 1861
1410 1803
1410 1825
1412 1502
1412 1686
1413 1728
1416 1471
1416 1528
1416 1572
1416 1707
1416 1752
1416 1886
1419 1684
1419 1911
1420 1614
1420 1665
1420 1707
1420 1736
1420 1753
1420 1823
1420 1839
1420 1846
1420 1902
1423 1515
1423 1636
1423 1871
1423 1903
1425 1574
1426 1459
1426 1462
1426 1903
1427 1429
1427 1773
1429 1515
1429 1729
1431 1623
1431 1669
1431 1819
1431 1839
1432 1479
1432 1824
1432 1875
1433 1698
1434 1585
1435 1807
1437 1721
1437 1845
1438 1459
1439 1888
1440 1590
1441 1564
1441 1822
1444 1472
1446 1514
1446 1616
1447 1604
1447 1712
1447 1721
1447 1746
1449 1456
1449 1598
1449 1746
1450 2976
1452 1468
1454 1515
1456 1789
1456 1796
1459 1628
1459 1862
1462 1591
1462 1680
1463 1833
1464 1677
1465 2007
1465 2491
1465 2496
1465 2547
1467 1559
1467 1791
1467 1823
1467 1835
1468 1802
1469 1634
1470 1637
1471 1580
1471 1621
1471 1753
1471 1888
1472 1482
1472 1634
1472 1725
1472 1815
1473 1673
1473 1818
1475 1611
1475 1636
1479 1661
1479 1859
1481 1503
1482 1504
1482 1525
1482 1529
1482 1709
1483 1598
1483 1888
1483 1902
1485 1730
1485 1813
1487 1545
1488 1621
1488 1741
1488 1793
1488 1863
1491 1539
1491 1761
1491 1823
1491 1827
1494 1593
1494 1803
1496 1630
1496 1904
1502 1591
1502 1704
1502 1729
1502 1794
1502 1828
1502 1850
1503 1729
1504 1770
1505 1666
1507 1541
1508 1729
1508 1824
1508 1848
1509 1517
1509 1589
1509 1590
1511 1698
1513 1535
1514 1893
1515 1732
1516 1530
1516 1800
1517 1813
1520 1639
1520 1861
1522 1621
1522 1622
1522 1712
1522 1735
1522 1799
1522 1833
1522 1888
1523 1622
1524 1688
1528 1608
1528 1754
1528 1791
1528 1845
1529 1569
1530 1563
1530 1584
1530 1707
1530 1823
1531 1781
1532 1746
1534 1642
1539 1559
1539 1839
1540 1717
1540 1819
1541 1672
1542 1793
1543 1677
1545 1778
1545 1910
1547 1737
1548 1568
1550 1583
1551 1597
1551 1809
1551 1819
1554 1723
1554 1833
1554 1845
1556 1757
1557 1735
1557 1768
1557 1819
1557 1879
1559 1570
1559 1613
1559 1717
1559 1816
1563 1584
1563 1663
1563 1836
1570 1612
1570 1902
1572 1789
1572 1800
1573 1578
1573 1716
1574 1740
1574 1763
1575 1807
1577 1913
1577 1948
1577 2032
1577 2134
1577 2196
1577 2282
1577 2302
1577 2344
1577 2458
1577 2508
1577 2598
1578 1596
1580 1736
1583 1591
1583 1720
1583 1872
1584 1608
1584 1617
1584 1752
1584 1813
1584 1827
1584 1843
1589 1617
1589 1675
1589 1754
1589 1816
1589 1827
1590 1804
1591 1884
1593 1803
1595 1875
1598 1809
1600 1652
1600 1663
1600 1689
1600 1888
1603 1800
1604 1663
1604 1734
1605 1804
1607 1664
1608 1735
1608 1736
1608 1772
1609 1768
1612 1621
1612 1753
1612 1768
1612 1836
1613 1752
1613 1791
1613 1795
1613 1833
1613 1868
1616 1790
1617 1637
1617 1813
1617 1816
1618 1622
1620 1707
1621 1707
1621 1717
1621 1730
1621 1827
1621 1835
1621 1842
1622 1644
1622 1675
1622 1707
1622 1722
1622 1741
1622 1813
1626 1774
1628 1857
1629 1784
1630 1686
1632 1877
1634 1686
1636 1680
1637 1746
1637 1765
1641 1866
1648 1733
1650 1828
1656 1702
1656 1852
1661 1742
1662 1864
1663 1675
1663 1800
1663 1833
1663 1886
1663 1909
1665 1809
1668 1799
1669 1823
1670 1678
1674 1883
1676 1825
1677 1740
1680 1857
1683 1752
1683 1849
1684 2683
1684 2704
1684 2710
1684 2751
1684 2762
1684 2777
1684 2786
1684 2808
1684 2834
1684 2859
1684 2880
1684 2898
1684 2950
1684 2967
1684 2970
1684 2977
1684 2990
1684 3012
1684 3013
1684 3016
1684 3036
1684 3052
1684 3084
1684 3103
1684 3126
1684 3127
1684 3180
1684 3207
1684 3232
1684 3241
1684 3291
1684 3304
1684 3318
1684 3323
1684 3330
1684 3336
1684 3345
1684 3368
1684 3398
1684 3408
1684 3425
1688 1813
1689 1717
1689 1724
1689 1753
1691 1875
1695 1773
1697 1718
1702 1845
1707 1809
1707 1833
1710 1771
1712 1846
1712 1863
1714 1757
1714 1791
1714 1795
1715 1899
1717 1730
1718 1782
1718 1852
1718 1909
1718 1911
1718 1947
1718 2117
1718 2289
1718 2368
1719 1803
1722 1909
1723 1809
1725 1906
1730 1826
1735 1753
1735 1800
1736 1754
1736 1816
1741 1800
1746 1799
1746 1827
1746 1867
1752 1868
1753 1804
1754 1864
1757 1816
1757 1879
1758 1858
1763 1878
1765 1782
1765 1819
1765 1851
1768 1800
1768 1902
1772 1868
1772 1898
1782 1799
1790 1844
1791 1849
1800 1898
1804 1835
1806 1866
1809 1832
1809 1898
1812 1894
1813 1835
1813 1861
1813 1867
1820 1894
1823 1833
1826 1868
1835 1845
1835 1861
1836 1852
1839 1849
1860 1911
1893 1894
1899 1907
1912 1949
1912 1954
1912 1977
1912 1980
1912 2002
1912 2021
1912 2025
1912 2027
1912 2028
1912 2051
1912 2053
1912 2134
1912 2159
1912 2178
1912 2210
1912 2251
1912 2257
1912 2274
1912 2308
1912 2320
1912 2348
1912 2372
1912 2374
1912 2403
1912 2445
1912 2471
1912 2489
1912 2515
1912 2531
1912 2534
1912 2580
1912 2582
1912 2583
1912 2626
1913 2413
1914 1951
1914 2378
1916 2087
1916 2132
1916 2221
1916 2292
1916 2419
1916 2461
1916 2498
1916 2512
1916 2519
1916 2555
1917 2086
1917 2123
1917 2131
1917 2244
1917 2352
1917 2354
1917 2404
1917 2418
1917 2429
1917 2433
1917 2484
1917 2539
1917 2646
1918 2118
1918 2376
1918 2532
1918 2542
1918 2546
1918 2563
1918 2607
1919 1927
1919 2171
1920 2072
1920 2117
1920 2153
1920 2279
1920 2302
1920 2385
1920 2463
1920 2508
1920 2597
1921 2159
1921 2659
1923 2163
1923 2525
1923 2581
1925 1966
1925 2124
1925 2184
1925 2266
1925 2347
1925 2615
1926 1970
1926 2068
1926 2081
1926 2191
1926 2598
1927 1973
1929 1938
1929 1946
1929 2121
1929 2164
1929 2233
1930 2411
1931 1991
1932 2007
1932 2072
1932 2111
1932 2125
1932 2180
1932 2223
1932 2508
1934 2091
1934 2341
1934 2523
1935 2011
1935 2225
1936 1975
1936 2403
1938 1946
1938 2037
1938 2043
1938 2078
1938 2200
1938 2229
1938 2244
1938 2275
1938 2278
1938 2306
1938 2331
1938 2348
1938 2369
1938 2395
1938 2430
1938 2574
1938 2579
1938 2600
1938 2655
1939 2183
1940 2199
1940 2327
1940 2502
1940 2597
1941 1947
1941 2111
1941 2131
1941 2206
1941 2224
1941 2283
1941 2308
1943 1962
1943 2095
1943 2240
1943 2326
1943 2520
1943 2526
1943 2625
1943 2638
1943 2654
1944 2362
1945 2028
1945 2052
1945 2379
1945 2398
1945 2419
1945 2475
1945 2498
1945 2594
1946 2059
1946 2098
1946 2340
1946 2404
1946 2499
1946 2559
1946 2578
1947 2032
1947 2111
1947 2133
1947 2243
1947 2438
1948 2196
1948 2283
1948 2294
1948 2524
1948 2543
1948 2555
1948 2567
1948 2629
1949 2146
1950 1995
1950 2004
1950 2648
1951 1954
1951 1991
1951 2009
1951 2192
1951 2225
1951 2459
1953 1983
1953 2103
1953 2339
1953 2354
1953 2381
1953 2492
1953 2593
1953 2646
1954 2294
1954 2598
1955 2032
1955 2169
1955 2268
1955 2319
1955 2436
1955 2458
1955 2461
1955 2511
1956 2281
1956 2301
1956 2570
1957 2025
1957 2097
1958 2626
1958 2640
1959 2243
1959 2465
1959 2511
1959 2543
1960 2105
1960 2173
1960 2342
1960 2373
1961 2128
1962 2045
1962 2307
1962 2326
1962 2469
1962 2550
1962 2611
1962 2624
1964 2138
1964 2149
1964 2226
1964 2291
1964 2317
1965 2289
1966 1971
1966 2030
1966 2064
1966 2073
1966 2093
1966 2118
1966 2139
1966 2154
1966 2190
1966 2374
1966 2504
1966 2507
1966 2615
1968 1999
1968 2585
1968 2658
1969 2302
1970 2155
1970 2344
1970 2603
1971 2098
1971 2306
1971 2308
1971 2347
1971 2352
1972 2001
1972 2011
1972 2647
1973 2009
1973 2647
1975 2114
1975 2158
1975 2236
1976 1991
1976 1998
1976 2472
1976 2620
1977 2214
1979 2055
1979 2073
1979 2095
1979 2201
1979 2331
1979 2353
1979 2395
1979 2410
1979 2549
1980 1999
1980 2647
1981 2199
1981 2294
1981 2399
1981 2438
1983 2077
1983 2095
1983 2118
1983 2190
1983 2213
1983 2253
1983 2306
1983 2323
1983 2363
1983 2468
1983 2560
1983 2561
1983 2654
1984 1986
1984 1989
1984 2086
1984 2123
1984 2244
1984 2347
1984 2381
1984 2433
1984 2460
1984 2467
1984 2593
1985 2218
1985 2240
1985 2253
1985 2334
1985 2499
1985 2579
1986 2046
1986 2064
1986 2122
1986 2136
1986 2154
1986 2218
1986 2303
1986 2334
1986 2560
1986 2590
1986 2611
1987 2191
1987 2332
1987 2581
1989 2030
1989 2083
1989 2201
1989 2501
1989 2573
1989 2625
1990 2152
1990 2314
1991 2018
1991 2171
1993 2104
1993 2142
1993 2188
1993 2307
1993 2386
1993 2549
1993 2654
1994 2330
1994 2372
1994 2384
1995 1998
1995 2006
1995 2018
1995 2050
1995 2447
1995 2640
1997 2095
1997 2140
1997 2188
1997 2237
1997 2299
1997 2323
1997 2404
1997 2564
1997 2590
1997 2593
1998 2538
2000 2050
2002 2054
2002 2062
2002 2068
2002 2246
2002 2510
2003 2111
2003 2384
2005 2069
2005 2108
2005 2131
2005 2331
2005 2369
2005 2504
2005 2560
2006 2027
2006 2116
2006 2636
2006 2648
2007 2081
2007 2148
2007 2198
2007 2232
2007 2247
2007 2328
2007 2332
2009 2143
2009 2365
2010 2032
2010 2512
2011 2171
2011 2645
2015 2152
2018 2192
2018 2346
2019 2067
2019 2526
2020 2084
2020 2299
2020 2414
2020 2423
2020 2485
2020 2625
2021 2103
2021 2464
2022 2192
2022 2202
2022 2538
2024 2097
2025 2159
2025 2225
2026 2239
2026 2289
2026 2381
2026 2398
2027 2116
2027 2626
2028 2247
2028 2510
2028 2598
2028 2616
2029 2396
2029 2605
2029 2642
2030 2059
2030 2073
2030 2109
2030 2233
2030 2329
2030 2374
2030 2423
2030 2506
2030 2623
2031 2149
2031 2318
2032 2087
2032 2223
2032 2292
2032 2367
2032 2394
2032 2533
2033 2078
2033 2112
2033 2165
2033 2233
2033 2253
2033 2266
2033 2278
2033 2392
2033 2404
2033 2554
2034 2204
2034 2321
2035 2228
2035 2618
2036 2133
2036 2453
2037 2098
2037 2201
2037 2299
2037 2542
2038 2176
2038 2185
2038 2419
2038 2598
2038 2642
2039 2047
2039 2338
2040 2408
2040 2560
2040 2564
2042 2052
2042 2169
2042 2508
2043 2131
2043 2233
2043 2278
2043 2334
2043 2410
2043 2489
2045 2074
2045 2124
2045 2136
2045 2140
2045 2154
2045 2244
2045 2300
2045 2423
2045 2469
2045 2573
2045 2586
2046 2064
2046 2464
2046 2542
2046 2543
2047 2126
2047 2214
2047 2310
2047 2315
2047 2322
2047 2347
2047 2351
2047 2411
2047 2555
2047 2629
2047 2637
2048 2292
2050 2337
2050 2435
2050 2640
2051 2632
2052 2148
2052 2279
2052 2294
2052 2336
2052 2461
2052 2643
2053 2332
2053 2510
2053 2555
2054 2273
2054 2327
2054 2338
2054 2445
2054 2458
2054 2479
2054 2592
2056 2326
2056 2369
2056 2393
2056 2499
2056 2504
2056 2506
2056 2613
2057 2102
2059 2112
2059 2121
2059 2179
2059 2190
2059 2253
2059 2266
2059 2278
2059 2299
2059 2331
2059 2423
2060 2064
2060 2115
2060 2536
2061 2620
2061 2647
2062 2274
2062 2390
2063 2086
2063 2104
2063 2139
2063 2154
2063 2307
2063 2331
2063 2408
2063 2418
2063 2446
2064 2077
2064 2104
2064 2123
2064 2147
2064 2233
2064 2275
2064 2334
2064 2350
2064 2391
2064 2408
2064 2414
2064 2500
2064 2561
2064 2604
2068 2117
2068 2332
2068 2338
2068 2385
2068 2471
2068 2629
2069 2090
2069 2122
2069 2189
2069 2306
2069 2323
2069 2334
2069 2348
2069 2393
2069 2469
2069 2521
2069 2575
2069 2606
2071 2072
2071 2180
2071 2289
2071 2351
2071 2436
2071 2599
2071 2629
2071 2649
2072 2198
2072 2518
2072 2598
2073 2103
2073 2276
2073 2306
2073 2339
2073 2340
2073 2433
2073 2485
2073 2532
2074 2339
2074 2374
2075 2161
2075 2394
2075 2415
2076 2486
2077 2229
2077 2331
2077 2348
2077 2395
2077 2418
2077 2600
2078 2090
2078 2347
2078 2386
2078 2521
2078 2560
2078 2574
2081 2351
2081 2399
2081 2415
2081 2642
2081 2649
2083 2088
2083 2090
2083 2172
2083 2261
2083 2370
2083 2404
2083 2469
2083 2477
2083 2638
2084 2090
2084 2206
2084 2216
2084 2271
2084 2324
2084 2454
2084 2579
2084 2600
2086 2172
2086 2253
2086 2376
2086 2469
2086 2485
2086 2539
2086 2654
2087 2128
2087 2223
2087 2347
2087 2508
2087 2543
2088 2443
2088 2468
2088 2604
2089 2231
2089 2448
2089 2614
2090 2104
2090 2213
2090 2329
2090 2395
2090 2550
2091 2129
2092 2409
2093 2095
2093 2172
2093 2430
2093 2460
2093 2489
2094 2281
2095 2271
2095 2326
2095 2619
2095 2655
2096 2328
2097 2620
2098 2404
2098 2464
2101 2283
2101 2479
2102 2116
2102 2194
2102 2199
2102 2223
2102 2332
2102 2471
2102 2629
2103 2258
2103 2348
2103 2381
2103 2433
2103 2446
2103 2460
2103 2560
2103 2574
2103 2611
2103 2619
2104 2347
2104 2353
2104 2369
2104 2489
2104 2600
2104 2630
2106 2437
2107 2166
2107 2656
2108 2339
2108 2354
2108 2395
2109 2165
2109 2266
2109 2428
2109 2485
2109 2655
2111 2128
2111 2153
2111 2273
2111 2399
2111 2461
2111 2463
2111 2465
2111 2496
2111 2572
2112 2123
2112 2190
2112 2381
2112 2520
2112 2590
2115 2414
2115 2611
2118 2139
2118 2154
2118 2290
2118 2329
2118 2430
2118 2507
2118 2654
2119 2618
2120 2160
2121 2140
2121 2271
2121 2526
2122 2233
2122 2339
2122 2485
2122 2564
2122 2586
2123 2184
2123 2329
2123 2409
2123 2462
2123 2630
2124 2240
2124 2326
2124 2409
2124 2578
2125 2163
2125 2458
2125 2511
2126 2283
2126 2360
2126 2587
2127 2289
2127 2312
2127 2333
2128 2355
2128 2642
2131 2150
2131 2206
2131 2271
2131 2499
2131 2526
2131 2553
2131 2623
2132 2185
2132 2247
2132 2304
2132 2396
2133 2199
2134 2194
2134 2332
2134 2451
2134 2643
2135 2183
2135 2247
2135 2264
2135 2330
2135 2420
2136 2374
2138 2151
2139 2374
2139 2410
2139 2492
2140 2210
2140 2395
2140 2542
2140 2554
2140 2560
2140 2575
2142 2172
2142 2275
2142 2307
2142 2336
2142 2369
2142 2504
2142 2507
2142 2520
2142 2601
2142 2646
2143 2159
2143 2250
2143 2294
2143 2498
2144 2153
2144 2254
2144 2609
2145 2232
2147 2266
2147 2443
2147 2600
2148 2289
2148 2293
2148 2315
2149 2151
2149 2283
2149 2332
2149 2384
2149 2399
2150 2188
2150 2275
2150 2418
2150 2430
2150 2489
2150 2492
2153 2180
2153 2246
2153 2461
2153 2491
2154 2276
2154 2323
2154 2430
2154 2578
2155 2283
2155 2318
2155 2641
2157 2268
2157 2636
2159 2171
2159 2346
2161 2264
2164 2200
2164 2428
2164 2484
2164 2507
2164 2561
2164 2586
2164 2604
2165 2172
2165 2206
2165 2347
2165 2462
2165 2504
2165 2574
2165 2611
2166 2361
2169 2328
2169 2588
2170 2444
2171 2639
2172 2258
2172 2326
2172 2347
2172 2381
2172 2433
2172 2646
2174 2250
2174 2289
2174 2372
2174 2434
2174 2461
2176 2199
2176 2322
2176 2475
2176 2480
2176 2498
2176 2588
2179 2257
2179 2290
2179 2331
2179 2414
2180 2420
2180 2642
2181 2440
2183 2196
2183 2283
2183 2328
2183 2537
2183 2592
2183 2597
2183 2629
2184 2429
2184 2464
2184 2561
2184 2604
2187 2289
2187 2292
2187 2315
2187 2332
2187 2372
2187 2471
2187 2582
2187 2617
2187 2629
2188 2359
2188 2423
2188 2520
2188 2602
2189 2309
2189 2598
2190 2218
2190 2229
2190 2275
2190 2290
2190 2356
2190 2391
2190 2407
2190 2553
2191 2264
2191 2328
2192 2538
2193 2316
2194 2224
2194 2294
2194 2330
2194 2417
2194 2471
2196 2498
2197 2260
2199 2279
2199 2319
2199 2344
2199 2642
2200 2352
2200 2414
2200 2489
2200 2554
2201 2278
2201 2363
2201 2374
2201 2468
2201 2489
2201 2500
2201 2554
2201 2593
2201 2619
2203 2246
2206 2275
2206 2347
2206 2467
2206 2615
2206 2630
2207 2393
2207 2444
2207 2466
2207 2526
2208 2462
2210 2218
2210 2323
2210 2348
2210 2359
2210 2590
2211 2272
2211 2425
2211 2637
2212 2229
2212 2433
2212 2464
2212 2526
2212 2549
2212 2624
2213 2237
2213 2276
2213 2404
2215 2333
2216 2240
2216 2253
2216 2271
2216 2354
2216 2410
2218 2306
2218 2460
2218 2468
2218 2500
2218 2586
2220 2275
2220 2307
2220 2363
2220 2423
2220 2495
2220 2526
2220 2551
2220 2554
2221 2333
2221 2641
2223 2294
2223 2328
2223 2398
2223 2491
2223 2617
2224 2436
2224 2445
2224 2547
2224 2555
2225 2378
2226 2434
2228 2402
2229 2271
2229 2462
2229 2506
2229 2550
2229 2573
2229 2578
2229 2601
2229 2607
2231 2405
2231 2411
2233 2261
2233 2326
2233 2347
2233 2410
2233 2484
2233 2500
2233 2531
2233 2574
2233 2579
2233 2591
2233 2619
2235 2274
2235 2322
2235 2537
2236 2644
2237 2348
2237 2395
2237 2578
2240 2258
2240 2326
2240 2348
2240 2381
2240 2430
2240 2485
2240 2520
2240 2542
2240 2556
2242 2318
2243 2387
2243 2501
2244 2306
2244 2331
2244 2408
2244 2460
2244 2507
2244 2602
2244 2631
2246 2389
2246 2438
2247 2254
2247 2347
2247 2598
2248 2335
2249 2332
2249 2336
2249 2589
2250 2328
2251 2644
2253 2275
2253 2300
2253 2359
2253 2410
2253 2507
2253 2546
2253 2553
2253 2654
2254 2279
2254 2617
2257 2520
2257 2536
2257 2553
2257 2624
2258 2369
2258 2408
2258 2575
2259 2451
2259 2537
2259 2592
2260 2412
2261 2353
2261 2604
2264 2379
2264 2417
2264 2547
2266 2290
2266 2324
2266 2331
2266 2512
2267 2294
2267 2394
2267 2617
2268 2372
2268 2594
2270 2318
2271 2329
2271 2331
2271 2601
2271 2625
2272 2416
2272 2480
2272 2540
2273 2343
2273 2461
2273 2463
2274 2328
2274 2438
2275 2484
2276 2348
2276 2376
2276 2593
2276 2638
2277 2373
2278 2307
2278 2376
2278 2395
2278 2423
2278 2499
2278 2520
2278 2539
2278 2542
2278 2631
2279 2319
2279 2330
2279 2398
2279 2417
2279 2451
2279 2463
2279 2468
2279 2491
2279 2509
2279 2543
2279 2598
2280 2333
2280 2394
2280 2451
2280 2592
2280 2652
2282 2372
2283 2319
2283 2333
2283 2420
2283 2555
2283 2653
2285 2294
2285 2305
2285 2511
2285 2537
2285 2597
2286 2411
2288 2478
2289 2330
2289 2406
2289 2445
2289 2498
2290 2495
2290 2546
2290 2560
2291 2453
2292 2333
2292 2643
2293 2333
2294 2434
2294 2438
2294 2511
2294 2588
2295 2582
2296 2610
2297 2365
2298 2325
2298 2637
2299 2324
2299 2339
2299 2353
2299 2611
2299 2655
2300 2414
2300 2561
2300 2646
2302 2315
2302 2330
2302 2436
2303 2339
2306 2326
2306 2482
2306 2549
2307 2326
2307 2430
2307 2492
2308 2414
2308 2429
2308 2462
2308 2464
2308 2539
2308 2602
2308 2624
2309 2414
2309 2563
2309 2578
2309 2604
2309 2624
2311 2428
2311 2430
2311 2507
2314 2335
2315 2384
2316 2402
2319 2384
2319 2458
2319 2463
2319 2510
2323 2423
2323 2462
2323 2561
2324 2331
2324 2586
2324 2631
2325 2603
2326 2404
2326 2507
2326 2521
2326 2573
2326 2586
2327 2451
2327 2491
2327 2652
2328 2390
2328 2398
2328 2537
2328 2588
2329 2464
2330 2336
2330 2491
2330 2510
2330 2598
2331 2460
2331 2532
2331 2600
2332 2338
2332 2384
2332 2434
2332 2643
2333 2432
2333 2537
2334 2369
2334 2593
2336 2509
2339 2386
2339 2408
2339 2433
2339 2485
2339 2520
2339 2521
2339 2563
2339 2579
2340 2348
2340 2553
2340 2578
2343 2458
2343 2471
2344 2509
2344 2588
2344 2637
2346 2583
2347 2384
2347 2404
2347 2467
2347 2472
2347 2492
2347 2511
2347 2551
2347 2556
2347 2563
2347 2573
2347 2586
2347 2590
2348 2549
2348 2600
2350 2615
2351 2384
2351 2516
2352 2392
2352 2469
2352 2542
2352 2574
2353 2495
2354 2370
2354 2499
2354 2539
2354 2575
2354 2578
2356 2395
2356 2408
2356 2468
2356 2477
2359 2489
2359 2506
2359 2539
2359 2542
2359 2604
2359 2624
2363 2575
2364 2365
2364 2447
2364 2659
2365 2636
2366 2406
2366 2608
2367 2581
2368 2616
2369 2554
2369 2624
2370 2482
2370 2492
2371 2440
2373 2656
2374 2504
2374 2553
2374 2604
2374 2607
2375 2439
2376 2500
2376 2546
2376 2556
2376 2573
2376 2606
2376 2607
2376 2611
2381 2410
2381 2591
2381 2655
2383 2478
2384 2438
2384 2458
2384 2498
2386 2428
2386 2624
2389 2529
2390 2479
2390 2652
2391 2428
2392 2418
2392 2520
2392 2526
2395 2625
2396 2458
2396 2592
2397 2577
2398 2461
2398 2463
2398 2511
2398 2543
2399 2516
2399 2519
2401 2444
2402 2448
2403 2405
2404 2607
2406 2566
2407 2500
2408 2590
2408 2602
2408 2623
2408 2625
2409 2485
2409 2500
2409 2550
2409 2573
2409 2615
2409 2654
2410 2430
2410 2560
2410 2615
2414 2467
2414 2573
2414 2575
2415 2509
2418 2590
2419 2582
2420 2609
2423 2433
2423 2467
2423 2532
2423 2624
2426 2553
2428 2433
2428 2462
2428 2521
2428 2563
2430 2578
2430 2630
2433 2477
2434 2652
2435 2647
2436 2502
2443 2527
2445 2458
2445 2463
2446 2504
2447 2645
2451 2471
2451 2511
2455 2587
2460 2624
2460 2654
2464 2485
2465 2472
2465 2510
2465 2567
2465 2598
2465 2653
2466 2650
2468 2507
2468 2520
2468 2533
2468 2555
2468 2572
2469 2549
2471 2555
2471 2588
2472 2598
2473 2608
2474 2580
2475 2629
2478 2623
2480 2540
2482 2507
2482 2561
2482 2564
2483 2595
2485 2542
2485 2600
2485 2604
2485 2646
2489 2560
2489 2601
2489 2638
2489 2646
2490 2513
2491 2616
2492 2521
2492 2593
2492 2638
2494 2660
2495 2601
2495 2624
2495 2625
2498 2512
2500 2506
2501 2511
2501 2617
2502 2530
2506 2543
2506 2576
2509 2511
2509 2642
2511 2543
2516 2555
2521 2532
2524 2611
2529 2610
2529 2616
2532 2575
2534 2659
2537 2567
2538 2585
2539 2604
2542 2586
2542 2623
2543 2615
2549 2551
2550 2561
2551 2560
2552 2574
2552 2600
2552 2602
2553 2579
2553 2600
2553 2619
2556 2574
2556 2586
2559 2561
2560 2625
2563 2611
2563 2623
2564 2646
2573 2590
2573 2619
2574 2590
2575 2606
2576 2611
2578 2586
2578 2611
2578 2631
2579 2615
2583 2620
2583 2657
2586 2602
2593 2600
2607 2623
2611 2615
2616 2649
2619 2630
2619 2654
2620 2648
2624 2630
2627 2647
2633 2636
2640 2657
2642 2643
2661 2833
2661 2991
2661 3035
2661 3049
2661 3070
2661 3332
2661 3419
2662 3002
2662 3415
2663 2890
2664 2669
2664 2749
2664 3250
2664 3284
2665 2781
2665 2921
2666 2815
2666 2827
2666 3090
2666 3174
2667 2762
2668 3307
2669 2745
2669 2755
2669 2761
2669 2839
2669 3054
2669 3064
2669 3390
2670 2699
2672 3396
2673 2706
2674 3051
2674 3070
2674 3097
2674 3291
2675 3327
2676 2864
2676 2927
2676 3085
2676 3108
2677 2764
2678 3263
2679 2910
2679 2987
2679 3026
2679 3158
2679 3339
2680 2815
2680 2835
2680 2916
2680 2966
2680 3033
2681 2738
2681 2925
2682 3001
2683 2689
2683 2906
2683 3096
2684 2775
2684 3258
2686 3217
2686 3259
2686 3264
2687 3038
2689 2694
2689 2777
2689 2925
2690 2871
2690 3018
2692 3233
2694 2782
2694 2872
2694 2880
2694 2925
2694 2944
2694 2948
2694 2988
2694 3195
2696 3107
2698 2909
2700 2811
2700 2957
2701 3258
2702 3189
2702 3330
2703 3314
2705 2754
2705 2925
2706 2750
2706 2986
2707 2778
2707 2938
2708 3179
2710 2807
2711 2723
2711 3118
2711 3412
2712 3070
2713 3007
2715 3291
2716 2720
2716 2990
2716 3109
2716 3110
2717 3339
2718 2843
2718 3115
2719 2797
2719 3082
2719 3391
2726 2899
2726 3139
2728 3019
2730 2768
2730 3087
2730 3162
2731 3036
2733 3179
2738 3000
2738 3243
2739 3168
2741 2743
2741 2994
2741 3098
2741 3184
2742 2778
2742 2793
2742 2828
2742 3352
2743 2754
2743 2756
2743 2777
2743 3417
2745 2909
2745 3153
2748 2853
2748 2950
2749 2786
2749 2810
2749 2909
2749 2920
2749 3056
2749 3096
2749 3348
2750 2810
2751 3093
2751 3204
2753 3198
2754 2867
2754 3085
2754 3137
2754 3184
2754 3226
2755 2839
2755 2994
2755 3090
2756 2931
2756 3417
2757 2800
2757 2974
2757 3324
2757 3417
2758 3167
2758 3307
2758 3385
2759 3064
2762 3221
2762 3327
2763 2945
2764 3302
2768 3017
2768 3274
2770 2778
2770 3416
2774 2817
2775 2845
2777 2867
2777 2897
2777 3433
2778 3172
2778 3287
2778 3298
2779 3077
2780 2793
2780 3198
2780 3351
2781 2894
2781 3419
2782 2815
2782 2835
2782 2960
2782 3004
2782 3149
2783 3087
2784 3342
2785 2863
2786 2981
2786 3054
2786 3174
2786 3284
2791 3136
2793 2950
2793 2970
2793 2991
2793 3060
2793 3082
2793 3297
2793 3406
2795 3353
2796 3076
2796 3350
2797 2936
2797 3011
2797 3076
2800 2862
2800 2890
2800 2956
2800 2988
2801 3256
2801 3365
2802 3106
2803 3100
2803 3256
2804 3416
2806 2891
2806 2909
2807 3428
2812 2869
2812 3087
2813 2848
2813 3365
2815 2866
2815 2872
2818 3353
2819 3140
2823 2828
2823 3332
2825 3431
2827 2911
2827 2915
2827 2916
2827 2969
2827 3054
2827 3166
2827 3387
2828 3152
2828 3280
2829 3069
2830 3168
2830 3434
2831 2865
2831 3312
2831 3365
2832 2841
2832 3214
2833 2991
2835 3117
2835 3174
2837 3317
2839 2896
2839 2913
2839 2944
2839 3033
2839 3226
2840 3267
2840 3396
2841 3248
2843 3198
2846 3321
2846 3397
2849 2894
2849 3115
2851 3137
2851 3139
2853 2992
2853 3120
2853 3132
2853 3239
2853 3342
2854 3193
2854 3390
2858 3072
2858 3248
2858 3327
2861 3216
2862 2874
2864 2880
2864 2986
2864 3065
2865 3020
2866 2872
2866 2905
2866 2985
2866 3232
2869 3016
2869 3277
2869 3350
2869 3381
2871 3330
2872 3096
2872 3149
2873 3014
2873 3054
2873 3158
2873 3238
2873 3417
2875 2937
2875 3115
2875 3182
2877 2920
2877 2966
2877 3095
2877 3142
2877 3238
2877 3339
2877 3363
2879 3008
2879 3314
2880 2966
2880 2974
2880 3339
2886 3128
2886 3322
2887 2907
2887 2915
2887 3293
2888 3010
2890 2929
2890 3052
2894 2958
2894 2991
2896 3284
2897 3228
2898 3214
2901 3035
2901 3101
2901 3116
2901 3120
2901 3206
2904 3016
2904 3148
2905 3047
2905 3104
2906 3184
2906 3387
2909 2943
2909 2960
2909 2967
2909 3426
2910 2911
2910 2928
2910 3065
2910 3250
2911 2985
2913 2919
2913 2948
2914 3411
2915 3324
2919 2997
2919 3085
2920 2960
2921 2942
2923 3296
2925 2946
2925 2966
2927 3234
2927 3324
2928 3090
2928 3414
2932 3404
2933 3020
2934 2962
2934 3295
2937 2973
2937 3011
2937 3434
2938 3062
2939 3146
2940 2986
2943 3284
2943 3426
2943 3433
2944 2966
2944 3064
2944 3149
2944 3226
2945 2974
2945 3023
2945 3073
2945 3363
2946 3335
2947 2951
2950 3115
2951 3002
2951 3086
2951 3159
2951 3162
2951 3285
2951 3299
2951 3366
2951 3404
2954 3215
2954 3383
2955 2999
2960 3000
2960 3117
2960 3226
2960 3324
2960 3387
2960 3399
2962 3273
2965 3242
2965 3280
2966 3014
2966 3104
2966 3387
2967 3426
2968 3077
2969 3117
2969 3284
2969 3324
2969 3364
2970 3115
2970 3179
2973 3280
2973 3332
2973 3406
2974 3096
2974 3108
2977 2993
2981 3042
2981 3123
2984 3223
2984 3263
2984 3316
2985 2986
2985 3052
2985 3339
2986 3064
2986 3098
2987 3052
2987 3104
2988 3142
2988 3417
2989 3321
2989 3344
2989 3386
2990 3241
2991 3070
2991 3132
2991 3267
2992 3060
2993 3362
2994 3119
2996 3385
2997 3072
2999 3240
3000 3029
3000 3054
3000 3085
3000 3104
3000 3123
3000 3220
3004 3417
3005 3165
3005 3198
3007 3412
3008 3423
3013 3109
3013 3175
3016 3277
3017 3299
3018 3295
3019 3051
3019 3133
3019 3186
3019 3285
3020 3072
3020 3412
3021 3101
3021 3169
3021 3182
3022 3026
3022 3096
3025 3119
3025 3166
3025 3435
3026 3293
3026 3362
3027 3072
3027 3117
3029 3364
3029 3435
3032 3187
3033 3078
3033 3080
3033 3142
3033 3149
3033 3284
3035 3132
3035 3416
3038 3116
3038 3247
3038 3360
3039 3261
3040 3108
3040 3142
3046 3406
3047 3417
3048 3374
3049 3277
3051 3162
3052 3149
3052 3237
3054 3064
3054 3119
3054 3153
3058 3188
3060 3102
3060 3145
3060 3360
3060 3397
3064 3078
3064 3339
3070 3082
3070 3101
3076 3136
3076 3152
3076 3313
3076 3320
3076 3377
3078 3117
3078 3348
3079 3350
3080 3231
3081 3398
3082 3272
3082 3344
3082 3350
3082 3357
3082 3406
3085 3304
3086 3285
3086 3379
3087 3296
3090 3303
3092 3213
3093 3177
3093 3342
3094 3204
3096 3149
3096 3387
3096 3399
3097 3136
3097 3342
3098 3348
3100 3350
3101 3145
3101 3150
3101 3247
3101 3302
3101 3350
3102 3145
3104 3119
3104 3123
3104 3435
3106 3332
3106 3406
3107 3187
3107 3219
3107 3263
3109 3299
3111 3225
3112 3185
3113 3115
3113 3148
3113 3267
3113 3335
3113 3378
3115 3182
3118 3332
3118 3403
3119 3238
3120 3207
3120 3239
3123 3257
3126 3322
3128 3322
3129 3324
3129 3363
3132 3297
3137 3158
3139 3229
3139 3300
3140 3240
3140 3342
3142 3387
3145 3419
3146 3297
3146 3351
3148 3306
3148 3378
3149 3163
3150 3302
3152 3182
3152 3378
3152 3419
3154 3188
3154 3397
3157 3320
3158 3232
3160 3360
3166 3339
3167 3385
3168 3191
3168 3207
3168 3295
3169 3280
3169 3385
3170 3298
3172 3353
3172 3396
3173 3431
3176 3295
3177 3241
3179 3182
3179 3265
3182 3297
3182 3332
3185 3350
3188 3260
3191 3258
3193 3301
3194 3212
3196 3402
3197 3321
3198 3379
3199 3330
3200 3218
3201 3297
3204 3320
3204 3378
3205 3278
3207 3295
3213 3394
3219 3330
3234 3400
3238 3433
3239 3277
3239 3434
3240 3252
3240 3276
3241 3410
3247 3291
3251 3372
3252 3265
3255 3369
3258 3274
3259 3369
3261 3262
3261 3377
3262 3350
3262 3411
3272 3306
3279 3305
3280 3306
3280 3327
3280 3378
3283 3309
3286 3414
3288 3411
3289 3302
3293 3348
3299 3391
3303 3315
3305 3374
3318 3423
3319 3411
3320 3403
3320 3422
3325 3423
3329 3349
3330 3345
3332 3434
3335 3411
3342 3344
3342 3345
3345 3352
3347 3403
3360 3406
3365 3385
3384 3387
3391 3416
3391 3434
3396 3434
3437 3461
3437 3479
3437 3508
3437 3518
3437 3530
3437 3548
3437 3552
3437 3555
3437 3570
3437 3577
3437 3612
3437 3626
3437 3657
3437 3678
3437 3696
3437 3718
3437 3722
3437 3726
3437 3727
3437 3737
3437 3749
3437 3771
3437 3835
3437 3862
3437 3882
3437 3904
3439 3616
3441 3546
3442 3802
3443 3634
3447 3624
3448 3545
3448 3642
3449 3625
3450 3545
3454 3880
3455 3636
3455 3815
3456 3596
3456 3618
3456 3750
3456 3830
3458 3506
3458 3792
3459 3793
3465 3519
3466 3726
3466 3915
3467 3533
3468 3529
3469 3474
3470 3796
3471 3485
3472 3482
3473 3739
3474 3738
3474 3823
3475 3484
3475 3684
3475 3930
3478 3696
3478 3920
3480 3586
3481 3562
3484 3940
3485 3518
3485 3611
3487 3925
3488 3596
3490 3662
3490 3771
3493 3646
3493 3924
3495 3962
3497 3528
3497 3542
3497 3838
3499 3532
3501 3889
3501 3968
3503 3596
3506 3534
3508 3521
3508 3840
3510 3529
3511 3738
3511 3896
3512 3873
3514 3542
3516 3830
3517 3633
3518 3557
3518 3635
3518 3640
3521 3550
3523 3562
3523 3581
3524 3584
3524 3866
3526 3629
3527 3851
3527 3926
3528 3542
3528 3605
3528 3926
3529 3947
3534 3758
3535 3821
3536 3624
3542 3559
3544 3808
3545 3604
3545 3702
3545 3755
3545 3838
3549 3812
3550 3573
3550 3667
3553 3778
3553 3827
3554 3634
3557 3596
3557 3642
3557 3687
3558 3768
3558 3793
3558 3810
3558 3866
3559 3944
3563 3830
3566 3723
3568 3768
3568 3782
3568 3973
3569 3909
3569 3947
3569 3951
3571 3675
3571 3899
3575 3872
3576 3640
3576 3790
3577 3693
3577 3734
3577 3929
3577 3944
3578 3683
3579 3837
3580 3679
3584 3833
3586 3604
3591 3833
3593 3951
3595 3868
3596 3677
3596 3804
3596 3841
3596 3884
3596 3962
3598 3936
3599 3666
3599 3735
3601 3866
3601 3906
3604 3635
3604 3640
3604 3672
3604 3721
3604 3860
3606 3727
3610 3660
3611 3785
3615 3664
3615 3907
3617 3724
3617 3830
3619 3970
3621 3689
3625 3633
3627 3804
3629 3740
3629 3921
3630 3738
3631 3711
3633 3968
3636 3740
3636 3753
3638 3647
3640 3737
3647 3932
3651 3824
3651 3830
3657 3739
3658 3800
3660 3870
3664 3933
3668 3945
3670 3731
3672 3877
3674 3830
3675 3774
3675 3837
3677 3692
3677 3847
3680 3794
3681 3804
3687 3860
3690 3866
3693 3845
3695 3919
3698 3850
3701 3836
3701 3975
3705 3722
3707 3731
3708 3957
3710 3862
3711 3810
3713 3907
3714 3822
3715 3740
3715 3867
3722 3835
3728 3740
3730 3832
3738 3761
3739 3874
3749 3918
3753 3802
3756 3943
3758 3937
3776 3920
3776 3964
3782 3927
3784 3896
3791 3920
3800 3830
3800 3851
3801 3921
3819 3912
3819 3917
3821 3825
3821 3881
3824 3831
3828 3838
3830 3962
3835 3862
3838 3891
3838 3966
3842 3948
3859 3861
3877 3966
3889 3943
3906 3909
3925 3961
3930 3934
3930 3938
3943 3948
3980 3986
3980 4002
3980 4029
3981 4018
3982 3986
3982 4003
3982 4037
3985 4004
3989 4038
3997 4009
4013 4023
4020 4038
