2372 2385
563 1688
1347 1475
1329 1637
1912 2593
1132 1302
2327 2649
580 1744
201 259
1006 1736
3535 3823
1352 1813
1280 1608
2907 3293
2037 2352
2575 2655
2756 2931
2190 2433
2679 3054
2467 2602
3994 4023
1184 1833
982 1712
896 1115
1256 1665
2071 2292
2051 2450
1979 2347
1975 2173
2988 3073
1277 1859
713 817
1025 1080
994 1067
1953 2043
1129 1691
107 1073
2218 2278
2951 3017
3087 3107
2118 2543
3437 3873
2253 2433
2112 2573
2131 2340
1505 1656
766 810
3692 3962
1935 2284
3549 3812
2068 2379
1915 2107
2956 3084
3456 3734
2683 3301
1451 1824
451 513
2978 3080
2128 2267
1135 1612
2909 3384
1953 2216
934 1750
3519 3675
2773 3040
409 525
2202 2365
1912 2425
1971 2410
1925 2464
3331 3395
1600 1717
3140 3353
2515 2650
2833 3265
2105 2342
974 1127
1191 1407
2960 3387
2030 2095
374 496
1962 2334
2292 2560
1352 1768
2672 2796
957 1596
121 315
1199 1351
1076 1827
3101 3280
2866 3047
2206 2240
2849 3102
2240 2329
2275 2391
3051 3277
1925 2356
2749 2750
2862 3417
2347 2398
2126 2317
705 760
3350 3396
370 460
3057 3432
1226 1681
2347 2629
1338 1482
896 1573
1327 1600
3593 3706
1431 1622
1684 2812
3087 3358
1993 2307
1059 1598
1483 1835
1921 2472
2074 2504
257 280
1155 1631
1997 2201
1938 2154
1470 1519
2853 2869
927 1888
2754 2786
2377 2588
2026 2384
2369 2586
2180 2642
2472 2597
1076 1637
2333 2377
2484 2613
1983 2103
1062 1540
2072 2592
2055 2477
1049 1816
566 593
3219 3415
2118 2290
2739 2951
2229 2287
3076 3116
2162 2238
600 681
3534 3612
2446 2543
2278 2307
2134 2196
1941 1947
3338 3401
2352 2586
1101 1556
630 653
1243 1267
2229 2526
1926 2235
2292 2472
2121 2339
2400 2413
2294 2304
2038 2285
2829 3412
506 610
1943 1963
3815 3921
3666 3728
2485 2521
465 495
2430 2499
1622 1851
1277 1728
1004 1330
2936 3152
1075 1175
2891 3234
2482 2613
3052 3226
2591 2601
1957 2657
3491 3684
2404 2467
1210 1692
1086 1335
2112 2506
588 617
1572 1724
2077 2124
1717 1752
2059 2165
3056 3433
2416 2610
1912 1924
2133 2151
2477 2638
982 1537
1912 2417
1341 1833
3032 3140
1973 2657
698 875
1399 1816
1079 1086
388 463
2052 2102
2854 2931
3980 4017
3753 3867
1985 2300
1219 1367
2880 3284
2662 3154
1953 2573
1918 2485
1804 1863
1293 1608
2064 2520
1390 1584
1427 1794
1181 1554
1532 1888
2787 3321
2220 2492
1984 2124
1918 2376
2174 2264
1101 1612
1076 1800
1912 2639
2339 2556
3185 3201
1547 1714
1109 1847
2394 2445
378 676
814 828
2683 2867
1471 1621
2123 2136
1567 1719
2887 3119
2662 3198
2661 3360
2946 3263
3217 3302
2436 2533
107 1522
2757 3149
1610 1891
1329 1590
2122 2418
3362 3384
3201 3416
1377 1868
2220 2619
2845 2951
719 724
584 637
949 1507
967 1048
752 853
3437 3871
136 2491
119 170
1261 1324
2727 3140
1514 1878
1304 1785
934 1456
1597 1750
1912 2574
366 475
2306 2556
2329 2590
2036 2288
1684 2972
172 308
2127 2355
1267 1849
2863 3316
561 580
2873 2913
2469 2607
1816 1826
966 1619
1912 2016
2241 2516
1223 1512
2376 2546
2074 2078
2093 2369
1931 2022
1126 1717
728 803
2344 2419
1941 2617
2085 2232
2354 2359
1799 1819
2356 2369
67 199
3868 3917
2063 2602
1289 1390
3643 3924
2806 3324
124 170
367 455
171 3290
2791 2844
1994 2047
1962 2546
2340 2506
1290 1796
983 1793
387 400
2042 2223
2401 2515
1015 1592
1986 2611
1121 1496
1391 1516
3900 3976
1465 2351
107 1620
2324 2353
2074 2103
122 325
1104 1322
2150 2507
2064 2395
3495 3750
1963 2020
3319 3344
1093 1168
2666 2872
2144 2332
515 654
696 784
3027 3101
1914 2648
2144 2598
2138 2598
2150 2374
1622 1789
2184 2381
1214 1409
1267 1707
1337 1561
1684 3272
423 475
1717 1736
1571 1598
2078 2601
2978 3392
2744 3156
1302 1367
2069 2524
1939 2282
373 513
1376 1621
1130 1305
2507 2630
2731 3231
1298 1583
3795 3929
3693 3845
2200 2607
2953 3090
2087 2616
2136 2201
3008 3314
1316 1894
906 1570
799 814
3039 3287
2682 3295
3466 3554
1078 1793
376 1777
1684 3075
968 1172
2913 3384
3018 3168
223 265
3035 3038
2024 2459
56 221
2078 2140
3654 3930
2951 3224
2069 2464
2020 2409
118 304
2308 2556
1242 1795
2812 2843
1761 1814
1167 1703
2189 2394
2964 3001
4014 4021
8 259
1010 1785
2913 2927
1125 1291
1932 2347
2562 2656
3082 3434
2951 3264
1920 2285
2233 2407
1984 2376
2032 2434
1107 1547
2073 2395
2188 2410
2794 2988
2500 2546
2901 2992
2302 2642
1547 1813
2945 3029
2905 2912
1399 1810
1988 2486
2504 2631
107 1710
575 654
0 114
949 1106
1377 1730
2387 2526
2960 3047
1375 1659
2022 2447
1460 1851
2276 2563
2247 2594
2165 2299
3488 3687
3782 3810
26 239
2153 2203
1375 1737
934 1730
2345 2461
2542 2551
2352 2374
2190 2591
637 1645
0 184
960 982
2148 2332
2263 2431
1351 1610
2510 2547
2679 3363
1929 2347
1075 1243
2103 2200
2125 2338
993 1735
2274 2333
2039 2176
2693 3397
3455 3862
2336 2537
1632 1752
3064 3348
0 226
961 1780
1912 2342
3460 3972
967 1626
2136 2370
2309 2395
2675 3327
412 473
414 574
2043 2611
3758 3786
898 1020
2828 3179
3596 3938
1123 1843
1164 1557
2261 2575
455 541
1079 1683
1052 1818
1052 1343
977 1249
1598 1663
2815 2969
2117 2458
2122 2339
3836 3893
419 483
976 1358
1939 2399
2087 2555
2078 2561
2776 3216
3759 3975
1918 2433
2404 2593
898 1875
3012 3072
1056 1800
120 136
2446 2602
1341 1804
1126 1622
1080 1437
2235 2458
1966 2356
2928 3174
1983 2395
2201 2624
3636 3753
2160 2361
3664 3696
1611 1691
2005 2526
2060 2163
1993 2542
1181 1867
3662 3812
1925 1966
3060 3291
921 1390
2266 2433
1696 1844
3104 3137
3132 3252
1136 1705
905 1001
2205 2366
1990 2049
2386 2556
823 880
1714 1823
402 561
17 116
1112 1620
2977 3104
957 1438
3437 3591
484 517
1663 1669
2053 2336
2155 2343
3734 3800
2309 2478
376 523
2103 2556
1623 1714
2434 2458
2237 2410
1994 2153
483 1848
2074 2619
2115 2615
1238 1868
2039 2588
2206 2408
1023 1615
1551 1589
2171 2297
3117 3302
1330 1826
2103 2604
2095 2290
1367 1584
2666 2815
1913 2530
3261 3280
2151 2176
1936 2562
1059 1559
2154 2484
583 643
2762 3140
2103 2476
1267 1612
1959 2039
898 1786
1511 1567
1750 1902
1559 1608
897 1029
2395 2467
1736 1816
2724 3077
1983 2276
2549 2551
1003 1600
739 793
804 886
2327 2511
2296 2345
107 985
2246 2616
2294 2332
2140 2638
1957 2620
1331 1341
2680 2943
3442 3590
2184 2201
1006 1130
1620 1621
3738 3761
107 1577
1348 1624
2927 3052
2706 3056
1068 1644
2045 2504
727 845
2666 3047
2279 2372
3116 3182
1363 1733
1086 1717
1159 1500
3064 3232
2121 2615
1458 1805
2669 3104
2685 3405
2149 2330
1128 1516
2516 2543
1925 1984
2915 3174
2240 2504
2694 2782
1881 1897
2992 3132
2093 2347
2231 2277
916 925
1222 1768
2414 2521
3521 3684
1351 1833
2144 2463
1290 1590
1271 1402
724 795
3464 3823
2229 2414
1919 1973
2929 2944
1185 1488
2665 2844
2123 2386
999 1752
3599 3773
2809 3388
2326 2607
1026 1846
1684 3236
2053 2285
1336 1714
1211 1663
3443 3859
3073 3114
2005 2046
2946 3149
1960 2146
1450 1666
2966 3339
3102 3201
2418 2586
2123 2418
1343 1473
3604 3860
2787 2892
3496 3817
2389 2459
697 780
2183 2332
2078 2410
1101 1804
2477 2560
2037 2410
3509 3794
589 636
2046 2542
2062 2096
2142 2287
2626 2633
2464 2638
2319 2328
1341 1879
3104 3293
2912 3384
2960 3153
2140 2586
2029 2480
1238 1376
2030 2489
2147 2600
994 1258
2890 3078
1921 2116
1938 2060
440 479
2290 2539
1784 1798
3540 3750
1947 2007
2772 2996
421 444
2068 2398
1205 1483
3022 3226
2073 2467
1409 1685
2334 2376
1467 1761
0 219
3146 3247
983 1211
2179 2356
2943 3096
2165 2578
1503 1649
1508 1783
606 963
2536 2575
3291 3380
2121 2559
1237 1692
2867 3098
2905 2946
2742 3355
107 1760
1133 1471
1199 1653
2995 3170
118 238
3076 3434
1127 1304
455 528
2351 2436
3082 3291
1941 2461
3104 3426
3448 3693
2047 2310
1377 1535
31 129
2052 2351
2021 2369
2661 3277
2573 2600
1291 1589
1577 2068
2054 2461
394 492
2253 2546
2802 3150
1953 2331
1912 2367
2278 2339
2399 2544
2955 3196
2243 2294
2734 2752
1966 2131
2758 3385
402 438
906 1222
2069 2654
1664 1876
2689 2867
952 1714
1019 1129
1146 1835
2340 2347
2706 3362
3458 3718
1655 1715
1613 1637
2773 3362
1021 1583
953 1613
3640 3790
1159 1299
1522 1845
538 1543
993 1669
1153 1524
2052 2458
2702 3236
3324 3414
1012 1223
1086 1665
1577 2047
2332 2643
2940 3238
1684 3419
2925 3056
944 1469
2339 2381
1926 2617
1587 1596
1101 1662
3437 3979
1314 1747
2008 2455
3089 3403
2069 2601
2073 2201
3947 3951
2354 2499
1037 1299
2091 2488
3032 3259
2165 2172
3981 4018
101 204
2057 2385
353 513
2059 2430
2746 2910
991 1750
1028 1632
2694 2927
2973 3160
2107 2403
3437 3839
1315 1841
2069 2460
3523 3649
982 1898
2658 2660
0 224
2778 2796
1416 1557
1564 1905
783 787
2139 2347
2218 2495
2266 2387
2468 2533
1702 1805
3279 3305
1209 1789
3525 3573
3578 3824
1938 2150
2138 2224
1255 1391
1048 1637
2196 2463
962 1294
1167 1275
3077 3177
976 1514
236 303
1195 1603
2117 2491
1153 1652
1917 2136
1497 1599
2059 2492
2128 2292
925 1185
997 1605
2916 2946
1685 1835
1099 1820
997 1835
2132 2491
3019 3379
2951 3082
1567 1825
3064 3399
2731 2988
921 1146
1520 1804
2542 2546
423 614
2445 2471
2346 2378
3648 3924
2363 2553
1630 1738
1184 1721
2701 3011
1959 2338
1059 1683
3076 3332
1598 1652
2112 2478
2992 3206
561 669
2754 3078
2763 3315
1099 1273
2077 2093
2315 2629
1472 1869
1483 1669
1470 1609
2122 2369
1018 1396
2399 2617
107 1291
954 1273
1004 1620
1336 1712
1352 1861
2240 2449
1637 1730
3078 3149
1358 1565
2825 2844
444 513
3072 3385
1912 2018
1334 1833
601 976
2510 2533
1344 1491
2028 2183
1347 1636
2056 2579
3464 3945
1284 1492
1684 2675
3072 3152
2359 2430
1130 1376
3791 3964
3671 3958
3456 3756
2213 2299
3002 3403
2247 2344
2007 2302
1150 1656
3506 3555
2116 2145
130 204
2786 3174
1620 1813
2275 2611
2689 3284
2872 3339
2133 2594
2064 2122
1912 2352
2329 2504
3437 3910
1684 2781
1250 1376
1085 1165
2190 2299
2120 2313
2183 2468
1809 1813
2290 2646
2075 2384
1984 2395
242 249
1146 1172
1923 2254
2717 3426
1798 1802
2352 2370
122 156
1193 1505
2037 2201
2107 2570
921 1621
3097 3279
908 1033
3557 3604
2309 2539
957 1636
1941 2315
2020 2121
2309 2526
2233 2536
2069 2532
3132 3277
957 1235
107 1637
2718 3076
3654 3703
1060 1459
2337 2365
3363 3399
2675 3219
1406 1704
271 297
1339 1752
1985 2579
2153 2617
3630 3634
471 561
2116 2571
2942 3404
2111 2224
2056 2188
1204 1279
2241 2343
1966 2104
0 324
2280 2592
1380 1457
2234 2476
1612 1741
2118 2414
2409 2500
3049 3416
2244 2462
1216 1468
2299 2395
1126 1175
2173 2335
2875 3272
1370 1741
107 1678
959 1132
2132 2247
1489 1706
1481 1591
400 465
2081 2385
1214 1335
1258 1738
2021 2244
2031 2406
2213 2369
3633 3971
374 525
1125 1501
1247 1850
3089 3240
2344 2390
2266 2464
2073 2408
906 1730
2234 2391
2471 2608
822 850
952 1662
1938 1984
348 572
2749 3056
1464 1878
1163 1238
916 1287
2813 2826
975 1473
3877 3938
2125 2398
1483 1580
26 161
2956 3384
3663 3977
465 604
2187 2419
1684 2993
2180 2436
1198 1250
2293 2629
726 853
2259 2537
983 1163
1243 1623
239 265
1132 1832
2188 2428
3048 3185
2915 2931
1941 2559
2188 2624
3041 3326
2875 3172
980 1845
2869 3378
2724 2865
3930 3938
934 1471
1076 1813
1211 1447
1946 2446
526 1630
9 30
1299 1525
1742 1751
1056 1805
1237 1853
248 291
2088 2109
1983 2464
483 1786
2047 2588
3437 3603
2977 3243
2052 2336
2077 2369
3490 3662
1080 1902
2064 2526
3571 3965
136 2451
1945 2582
381 389
686 809
107 978
1009 1324
1407 1620
2822 3263
2194 2232
2680 2694
2733 3272
1523 1852
2304 2608
1059 1665
3442 3918
2426 2622
438 446
2257 2654
3338 3376
107 1309
2993 3238
1222 1589
2285 2547
697 708
67 280
2266 2303
2833 3298
921 1551
2484 2593
2410 2507
3309 3314
2199 2572
1164 1730
896 1273
2138 2149
2062 2280
2190 2551
1114 1692
2090 2615
1231 1404
1329 1613
1987 2417
1912 2476
2092 2303
1282 1824
1185 1391
3714 3833
2729 2773
2936 2937
1003 1614
2294 2384
1104 1381
2199 2345
2906 2925
2749 2944
1186 1232
2718 2883
1966 2370
2006 2585
599 659
1938 2237
2679 2969
2102 2510
483 1692
2834 3325
916 1214
417 503
1929 2033
2084 2108
2056 2059
2915 3026
2188 2352
1963 2560
3252 3291
131 227
1912 2577
3082 3406
691 833
1235 1786
1406 1820
2427 2611
1465 2629
741 827
2674 3192
3486 3869
1173 1898
2862 3104
1968 2472
1094 1543
354 507
121 169
2289 2328
1589 1793
2863 3386
3437 3665
2664 3195
1580 1842
1598 1879
1107 1230
2257 2428
1647 1862
3143 3153
2310 2416
2123 2154
354 376
2849 3179
2184 2266
3440 3703
1151 1540
686 719
1948 2643
1972 2001
2104 2477
2561 2624
2300 2429
2839 3238
13 82
2007 2555
1269 1312
2460 2532
1267 1621
972 1736
2718 3081
2112 2586
2951 3313
1076 1810
107 1909
1021 1893
2326 2579
3132 3316
2007 2052
542 560
1539 1669
2040 2521
1938 2200
1211 1420
2742 2849
1663 1707
2084 2573
1033 1360
2851 3095
1551 1809
1364 1569
3263 3266
2139 2464
2708 3115
2601 2607
1255 1891
3277 3316
2112 2499
2292 2508
2381 2573
965 1703
2253 2446
2328 2415
1047 1610
1912 2262
2784 3099
2039 2512
2020 2348
2190 2579
2813 3393
3790 3860
2787 2849
113 142
1992 2207
751 842
2240 2606
1912 2140
3629 3735
777 779
916 1302
2289 2498
2264 2458
2960 3000
2033 2553
780 819
2419 2557
1014 1857
2136 2646
958 1232
2785 3360
719 849
2730 3177
55 104
3884 3968
897 953
1315 1857
3528 3627
1721 1816
1948 2199
2142 2407
944 1770
915 1574
1706 1794
1191 1376
3089 3188
2 226
2681 2743
2800 3098
1344 1757
2006 2494
1821 1888
1230 1911
1010 1640
2133 2629
40 213
1293 1835
2035 2228
1180 1214
2742 3179
302 346
2240 2532
2423 2630
1583 1636
2423 2489
391 482
1092 1603
2679 2987
1621 1757
2764 2979
1613 1622
3026 3184
2300 2350
2796 3199
2200 2308
1923 2498
903 1892
1953 2201
1457 1826
1083 1302
2778 3416
3611 3971
2953 3104
983 1125
2068 2196
934 1211
25 69
64 171
2203 2547
2110 2537
2334 2485
2339 2410
1079 1685
400 513
2074 2575
1188 1310
395 421
2240 2464
366 1349
2172 2526
2101 2222
1912 2123
378 475
1456 1488
538 1763
2126 2570
1971 2381
391 400
3256 3402
1018 1578
1004 1717
1182 1757
1129 1413
1983 2229
107 1197
966 1826
1793 1835
1102 1751
1643 1765
2665 3027
1173 1431
2385 2572
2007 2393
982 1211
1535 1609
2184 2212
686 764
635 661
1705 1803
1983 2084
2189 2196
896 1903
3179 3247
2058 2266
1060 1426
2509 2629
1199 1868
896 1872
2092 2271
1238 1620
2730 2783
856 878
2833 3115
1984 2574
1211 1269
1291 1752
2919 3073
1554 1864
2448 2540
1060 1235
2201 2521
1359 1470
1872 1893
728 817
2354 2404
2060 2556
1409 1622
53 302
2856 3115
2123 2561
94 302
2022 2633
2783 3395
2222 2434
2319 2594
1056 1902
2336 2629
609 626
1261 1273
2150 2410
2953 3435
2985 3052
2120 2412
3321 3351
2854 3193
2271 2352
2207 2486
2089 2614
3214 3248
1789 1810
2865 3081
2661 3355
1128 1620
367 490
1736 1902
1390 1572
1037 1904
2950 3357
1662 1833
1101 1199
2309 2326
2139 2244
14 28
2364 2585
3485 3845
2076 2444
107 1790
1718 2471
3105 3251
4002 4027
566 1237
3734 3841
1584 1703
261 297
2216 2418
1920 2028
2717 2925
1049 1222
2142 2590
2679 2777
2690 3365
388 415
1918 2201
107 1480
2883 3223
1465 2047
1920 2399
1242 1652
196 285
1102 1309
3611 3672
1954 2491
997 1336
1684 3112
1722 1754
2507 2520
1684 2715
3558 3945
353 500
3064 3096
3493 3903
2966 3084
1299 1727
54 119
1409 1563
3082 3116
502 539
1335 1737
2224 2508
62 170
2033 2560
3711 3810
698 857
1214 1757
1107 1530
3725 3819
580 1294
2218 2430
2376 2559
2471 2642
2273 2519
185 290
3070 3316
2317 2580
2066 2642
1340 1516
2827 3348
2712 3299
150 324
2750 3284
2039 2148
921 1563
1540 1717
2240 2579
14 149
2914 3360
1491 1612
1187 1698
2307 2386
107 1145
1390 1721
1101 1809
1966 2078
2032 2282
3177 3207
3162 3191
2007 2081
2240 2423
2253 2374
2121 2414
3571 3957
2429 2604
591 641
1222 1811
3604 3828
3675 3837
211 285
1040 1289
1684 3181
1420 1522
1715 1720
2881 3377
1290 1833
2268 2516
3111 3279
3711 3792
4016 4025
2327 2332
2433 2593
1601 1837
1955 2222
48 199
3896 3976
1139 1308
414 651
465 561
2040 2164
1049 1730
1920 2343
2121 2553
2250 2509
136 2174
2897 2925
2189 2588
1984 2123
10 67
2032 2125
431 475
2750 3108
2240 2556
1146 1523
1205 1280
1199 1447
1457 1600
1351 1551
1983 2064
1149 1420
1062 1183
1985 2369
48 130
1209 1291
2143 2512
2858 3097
2224 2543
517 1574
2252 2509
2683 2689
2873 3435
3863 3894
2796 3049
1604 1665
2429 2623
3701 3774
1591 1899
993 1734
3034 3403
1437 1741
9 66
2862 2944
960 1665
2854 3025
2062 2347
2059 2108
2206 2611
1232 1548
1256 1509
745 773
2231 2397
1076 1467
107 1681
2093 2184
1291 1401
2296 2581
2028 2338
603 680
2787 3320
1028 1700
122 161
3437 3556
2739 3415
1078 1289
136 1972
2348 2553
2246 2289
3261 3397
1993 2556
1075 1877
2708 3397
1165 1182
1086 1907
1126 1765
2463 2508
3538 3541
3623 3782
1919 2657
1960 2373
3488 3938
2067 2387
1398 1612
1979 2063
1999 2378
2530 2592
1736 1791
1650 1727
1589 1750
1509 1791
28 144
3043 3093
1714 1736
1056 1519
1684 3251
2073 2370
3782 3947
2043 2433
2208 2302
3437 3575
2068 2138
2395 2586
2305 2572
2131 2590
2877 3250
107 1369
392 473
2133 2445
2090 2218
107 1260
2121 2188
2116 2171
2863 3270
2786 3435
2741 3078
2053 2390
1943 2606
1995 2378
2184 2615
1104 1392
457 551
1076 1447
1304 1759
2063 2240
2259 2473
2906 2915
3371 3412
2956 3174
3588 3827
1095 1794
2323 2408
2257 2290
2139 2233
1966 1989
1955 2537
1532 1757
3478 3500
1942 2387
1953 2586
1941 2642
2054 2398
2951 3360
1259 1672
1929 2109
1943 2326
1946 2326
2786 3426
1370 1390
1180 1879
1282 1638
2202 2659
1684 2741
2279 2445
2730 2812
348 359
1204 1649
0 141
897 1846
2088 2601
2229 2550
1222 1551
1584 1886
2198 2368
2973 3345
107 1698
2216 2233
2071 2151
1553 1768
2078 2266
941 1635
1221 1785
2681 3029
1375 1721
3040 3426
1340 1597
1202 1253
1365 1799
2780 3102
2428 2590
967 1126
2464 2469
2748 3313
2101 2328
1220 1331
2866 2928
2132 2169
2162 2371
1573 1583
2131 2188
1361 1570
2720 3386
1282 1893
2504 2520
946 1196
3501 3734
1551 1675
2765 2770
1589 1736
2536 2611
3475 3902
2839 3304
2945 3213
2063 2303
3680 3714
2428 2578
2875 3327
1962 2611
1577 2198
747 753
1634 1906
1101 1175
601 1679
1604 1632
1472 1781
456 462
2179 2556
107 1548
2088 2556
3617 3803
107 1818
902 1345
3152 3350
2226 2581
3448 3609
1985 2542
2356 2646
1288 1605
1277 1786
2191 2420
1004 1522
1272 1491
2712 3035
686 694
1074 1813
31 83
1420 1491
187 242
3344 3416
2030 2410
2220 2324
4020 4030
2838 3003
991 1641
2028 2187
3040 3174
2142 2290
803 832
2765 2780
919 1582
2275 2354
1993 2121
2042 2332
2871 3415
1273 1824
2087 2649
1211 1214
792 830
1962 2482
2328 2594
2218 2429
1185 1659
637 1436
1920 2617
3323 3397
1479 1720
1199 1211
363 1332
2276 2354
1255 1312
2111 2594
3701 3910
1888 1891
2180 2330
2463 2643
2748 3355
1720 1729
2563 2607
2158 2523
2815 3078
2183 2224
3515 3829
1943 2586
2118 2484
131 225
2674 3049
3232 3257
1669 1835
2154 2257
1707 1754
1616 1844
348 464
917 1507
3505 3685
1149 1643
1148 1573
1684 2945
1999 2645
1210 1268
2689 3135
1426 1884
3437 3843
697 819
3280 3431
2391 2428
584 682
3721 3741
3437 3853
1520 1795
1684 3249
2753 3434
3116 3150
1432 1715
1377 1467
1376 1610
1339 1491
1318 1549
2363 2654
2352 2428
2754 2850
1125 1530
3025 3073
723 830
2399 2649
2187 2516
3169 3297
2132 2292
2084 2520
2326 2464
703 719
2433 2601
2410 2576
2080 2656
1970 2419
1095 1320
1984 2526
1236 1472
2973 3321
1314 1424
1734 1741
2943 3078
1078 1287
3085 3348
2059 2631
3534 3758
3054 3064
2712 2859
1916 2042
3154 3379
2906 2927
9 188
1243 1509
1983 2423
2046 2188
2065 2385
2386 2410
3643 3794
3176 3295
2340 2601
2242 2395
2276 2418
2072 2629
2418 2601
2172 2311
2154 2391
708 719
3464 3724
2276 2526
1006 1175
1032 1227
3718 3792
1020 1459
1962 2276
2138 2333
1345 1578
2284 2585
93 111
3417 3433
2035 2448
1055 1585
2777 3184
2123 2495
1951 2660
2905 3228
0 272
3740 3835
1087 1283
2377 2463
2867 2919
3280 3396
1932 1994
362 492
2359 2395
2265 2566
1198 1399
1222 1622
1420 1772
107 1219
3072 3263
2232 2379
1148 1438
3618 3633
3824 3830
3437 3606
3907 3960
2864 3135
973 1656
2190 2290
194 204
2149 2525
1359 1772
2724 2892
1329 1902
2960 3078
2133 2302
2287 2370
1413 1462
2139 2334
2136 2428
2683 3137
2302 2597
1420 1689
930 1408
2444 2622
1017 1211
2976 3017
2764 2941
107 1390
2235 2394
626 630
3113 3162
1327 1702
2123 2546
483 1783
987 1177
2088 2190
3506 3895
1994 2597
1146 1823
902 1067
2734 2840
3057 3263
1943 1979
2396 2537
2939 2973
2976 3378
946 947
291 315
1116 1230
1135 1885
2724 2830
2916 3065
2850 2910
1912 2237
1338 1472
2237 2414
1605 1868
2237 2340
2953 3364
3378 3397
2200 2369
1502 1704
1317 1564
1380 1390
2408 2542
2148 2199
1684 3402
1962 2586
1378 1895
1378 1629
954 1396
3056 3387
1918 1979
2485 2655
2060 2340
2356 2363
1431 1712
2022 2459
2058 2623
3503 3731
1971 2469
2492 2520
2196 2567
2278 2462
2309 2506
2193 2373
708 819
1199 1619
2250 2629
1398 1833
2687 2742
2862 2910
2171 2378
1079 1335
2187 2302
3095 3139
2370 2464
1343 1492
2240 2334
1981 2235
200 271
2233 2276
366 1300
1966 2165
1696 1814
2266 2414
2093 2150
392 482
2951 3421
2224 2445
2010 2054
483 1020
2220 2532
1746 1819
2836 3342
2489 2507
2937 3332
2927 3430
1966 2611
2414 2604
2297 2494
1344 1416
107 1359
107 1599
2731 2873
0 216
1912 2220
2028 2516
3499 3825
1269 1456
2673 3426
1250 1340
1166 1783
2911 3284
2561 2638
2508 2649
2073 2404
136 2189
2901 3330
2076 2426
1242 1597
2506 2631
2676 2694
2750 3339
3758 3833
728 820
3747 3960
3545 3684
2890 3114
805 842
1298 1857
2492 2619
2005 2118
2331 2354
2351 2475
1551 1663
3438 3586
3906 3976
1014 1257
1945 2054
1472 1703
1405 2962
2504 2586
2981 3400
1497 1731
3124 3196
1912 2412
936 1237
487 500
2237 2430
483 1282
978 1391
2675 3337
354 519
705 780
2853 3101
1389 1811
2087 2338
3617 3754
2966 2986
2867 3293
1944 2325
2786 2940
376 614
2227 2371
1683 1821
372 410
3379 3412
1951 2050
2081 2194
2748 3049
439 506
1309 1382
959 1040
3038 3277
2169 2336
1003 1721
1003 1175
553 558
127 281
1913 2250
896 1286
2863 3035
686 814
2567 2642
1180 1471
2087 2224
3788 3841
367 391
3027 3113
378 563
2989 3120
1953 2407
917 1102
1507 1624
929 1505
1917 1979
1914 1927
2324 2550
3151 3406
1718 1940
2246 2384
734 778
2712 3240
2078 2469
2081 2588
2499 2578
2446 2560
1100 1192
2161 2243
2348 2469
2093 2220
1577 2315
545 553
1003 1390
3258 3332
686 826
1684 2988
400 512
957 1231
1197 1788
526 1290
413 465
906 1054
2677 2923
1955 2327
348 361
3751 3789
1998 2657
2836 3140
1408 1897
368 500
3542 3966
2409 2601
2257 2404
2928 3400
960 1059
3102 3185
1211 1597
1684 2907
10 142
3491 3971
2164 2165
1918 2347
1215 1515
580 1095
993 1620
2266 2306
2910 2956
2430 2564
1130 1256
1076 1290
187 249
57 346
1399 1516
1983 2093
2038 2416
2781 2836
1435 1525
1317 1534
3113 3204
1684 3079
3299 3421
1452 1593
2236 2523
1730 1753
3196 3327
1217 1492
3557 3635
2724 2951
2731 3123
1204 1680
2329 2340
88 236
3146 3419
1535 1669
2187 2533
1247 1818
1684 3313
901 1333
3804 3902
993 1584
2199 2313
961 1852
1274 1866
1972 2116
1945 2589
2115 2477
1984 2418
3448 3889
398 545
2556 2573
930 1400
2675 3189
3111 3172
1943 1984
2140 2600
3636 3802
2469 2560
2984 3118
170 188
3142 3195
2489 2604
3093 3171
517 520
1971 2121
2833 3351
999 1750
1694 1743
2905 3142
2196 2283
1380 1746
622 625
2793 3416
2683 2807
2088 2326
3201 3351
2896 3228
1774 1886
925 1659
3741 3877
2261 2464
2107 2342
1665 1736
1577 2199
107 1875
2467 2559
1447 1723
1029 1688
2294 2508
1970 2151
2007 2268
3625 3756
1086 1754
2552 2607
1281 1828
1583 1873
2121 2276
3711 3896
1920 2128
3437 3947
2184 2449
1577 2516
1985 2053
1656 1666
708 849
1471 1793
2289 2362
423 558
2410 2414
2991 3172
2148 2465
2384 2501
3000 3387
3519 3701
3553 3563
3168 3191
0 294
2300 2410
3437 3732
2037 2619
1170 1893
353 1514
2117 2199
2993 3014
976 1882
2986 3174
409 521
102 296
3297 3335
2039 2510
2181 2412
2936 3261
3449 3545
2332 2351
2046 2276
792 807
2042 2597
1352 1734
2007 2347
2282 2351
2749 2777
2229 2271
376 390
2099 2358
2329 2446
3595 3857
1124 1662
1211 1604
1440 1594
2970 3082
2125 2510
1007 1573
3020 3083
2218 2237
1149 1791
2728 3002
2332 2629
1926 2367
1036 1715
2059 2477
2084 2233
2287 2593
3559 3902
2246 2567
961 1197
784 827
1971 2521
89 95
1269 1334
3766 3791
2334 2482
2436 2598
1805 1858
2315 2609
2101 2438
2154 2381
2068 2543
475 517
1617 1799
2098 2542
2608 2629
2222 2537
1597 1665
697 815
2359 2560
1003 1639
1962 2046
2675 2843
2112 2553
2239 2332
2795 3110
711 738
896 1438
993 1632
1321 1561
2005 2206
988 1576
3142 3284
3051 3378
1192 1649
1107 1238
1191 1730
1128 1352
1918 2543
364 501
1608 1902
584 596
1920 2315
1351 1547
3529 3777
3082 3201
56 207
1612 1836
2077 2553
1080 1881
1136 1325
3027 3380
1282 1515
2020 2410
272 304
747 764
3501 3533
1970 2325
107 353
2897 3073
1367 1819
2232 2491
2599 2653
1985 2646
2504 2526
3116 3179
1235 1655
936 1374
1118 1314
1971 2212
1281 1720
2179 2485
2907 3220
1580 1791
1665 1821
2232 2417
1006 1256
921 1714
2186 2425
115 326
1359 1717
997 1483
2233 2340
713 848
1060 1899
3794 3833
1475 1862
944 1428
0 181
2047 2525
2369 2460
3809 3887
2669 2944
3762 3930
2092 2492
2913 2969
2827 2916
1405 2869
2047 2543
2336 2338
3456 3692
2149 2475
2071 2451
1603 1621
1136 1803
2729 2993
2394 2598
901 1452
2467 2560
1993 2446
1149 1833
1021 1635
1109 1338
3463 3826
2347 2643
1712 1796
760 814
1054 1376
2254 2372
2878 3249
1984 2213
1971 2218
3693 3970
1352 1570
348 438
1017 1665
2220 2462
1964 2291
1217 1525
107 1446
827 828
2042 2516
2973 3397
2134 2643
925 1612
2354 2381
2712 3120
1839 1898
2040 2407
2071 2102
1363 1787
1979 2564
947 1211
2778 3179
966 1721
407 426
1983 2484
2782 3387
115 192
3330 3335
579 644
143 227
1101 1289
1250 1330
2974 3387
810 834
2363 2546
1835 1851
1543 1679
1617 1826
2240 2654
2477 2578
2290 2359
2696 2870
180 204
2713 3077
13 252
1126 1291
2107 2146
1079 1750
2095 2554
2047 2609
3131 3251
1418 1525
2905 3387
1471 1809
2132 2280
2053 2396
2742 3027
2244 2464
3496 3750
3496 3775
1577 2475
2276 2484
2521 2578
2031 2291
1589 1746
370 387
2243 2547
2729 3090
2019 2526
2211 2396
1118 1568
2285 2336
1059 1757
3448 3930
107 1135
2090 2478
3545 3674
3437 3460
2951 3002
1457 1832
640 661
3199 3259
1339 1707
2072 2161
1205 1717
1085 1511
515 517
1258 1536
315 339
2123 2299
2679 3000
2555 2649
1954 1999
1553 1908
1222 1613
3038 3380
2359 2638
1281 1595
988 1192
2266 2334
2023 2474
2865 3402
438 492
3501 3625
1086 1668
2030 2575
1257 1636
1064 1342
5 87
2765 2970
0 67
1530 1754
686 753
3132 3396
2484 2554
1079 1447
3437 3644
1985 2484
1783 1894
2218 2604
0 166
2430 2469
3889 3943
2058 2507
355 546
2043 2460
2111 2510
2958 3386
1717 1861
1220 1498
993 1391
1550 1611
1365 1420
1230 1609
1985 2306
2064 2469
957 1655
2356 2492
947 1059
2150 2520
2239 2458
2863 3204
1032 1204
1267 1689
391 491
1912 2500
3599 3713
1752 1868
1059 1685
1348 1815
2010 2509
938 1787
1523 1723
2751 2841
2002 2471
1113 1740
2873 2929
2229 2404
1086 1243
26 72
2074 2611
87 213
2218 2410
3521 3597
2068 2203
3780 3971
1258 1334
2338 2543
926 1151
2056 2095
603 625
3056 3301
2271 2334
1982 2522
925 1799
2086 2469
2815 3064
1124 1622
1269 1480
1722 1741
1613 1827
2104 2190
2200 2352
1824 1894
2329 2354
1688 1724
3223 3366
1352 1826
1509 1768
975 1636
2674 3291
139 197
1221 1862
2134 2398
1570 1612
1108 1396
3178 3211
2059 2600
1926 2537
1966 2575
0 281
3060 3199
2289 2582
1292 1438
834 844
416 497
1511 1555
1409 1707
2093 2370
2908 3004
3026 3114
1345 1875
2235 2537
1716 1899
3437 3703
1684 2661
3082 3182
2188 2363
2718 3087
2289 2368
2018 2284
136 2250
2694 3085
908 1421
2276 2559
3740 3867
2090 2233
2006 2364
3437 3701
281 309
1989 2200
2112 2266
2986 3149
957 1573
496 637
1040 1809
2869 3199
1367 1683
56 313
2154 2500
3721 3968
2894 3332
2384 2531
3321 3422
1017 1076
3521 3867
2836 3005
2741 2956
1367 1449
1943 2423
3711 3784
1453 1621
3573 3672
2059 2323
3437 3684
2064 2495
3764 3821
1985 2086
2992 3302
2819 3289
3749 3918
1684 2962
3204 3320
2676 3364
2539 2623
1250 1653
170 185
2369 2492
2778 3199
2042 2215
1267 1868
1021 1204
3643 3810
107 1540
1062 1357
1330 1816
2088 2391
1628 1859
1577 2295
2867 2910
921 1195
426 524
2410 2500
2323 2520
766 847
1947 2010
1646 1867
1178 1419
2071 2117
2279 2327
456 517
3609 3943
2776 2861
3489 3665
2966 3096
1519 1570
2074 2655
1076 1149
2464 2482
2820 3233
1018 1284
897 1458
3350 3355
107 1779
200 252
2187 2273
1344 1623
3347 3366
2071 2436
2694 3202
2991 3185
1634 1807
2434 2471
2232 2614
952 1126
2151 2328
2142 2303
2985 3149
2399 2598
994 1584
483 1158
2460 2625
3620 3711
1971 2278
3509 3951
107 1444
1536 1787
2196 2384
113 252
3707 3930
3514 3557
3117 3174
2746 2864
2781 3136
967 1367
2485 2507
2276 2307
1066 1102
22 347
1227 1573
2828 3038
2112 2430
3437 3887
1409 1632
1068 1331
3527 3707
1271 1619
2247 2643
1941 2271
1983 2507
774 843
412 537
2345 2610
412 487
423 524
2073 2257
1236 1366
1341 1351
1349 1673
3070 3201
1084 1620
2172 2356
2546 2564
239 338
2132 2438
2179 2216
2150 2201
1079 1547
3437 3576
27 324
1549 1574
306 328
2254 2328
3267 3299
1277 1576
1282 1751
2929 3384
3106 3321
3247 3391
2381 2532
2511 2592
2863 3169
1714 1809
920 1860
1355 1473
2969 3284
2906 2966
974 1236
118 239
1591 1893
1685 1775
2093 2266
3558 3866
2363 2601
927 1420
1953 2638
245 259
1912 2344
500 537
2104 2257
2668 3204
3510 3529
2344 2479
1912 2149
1298 1591
1075 1867
2757 3363
2150 2200
299 300
1919 2061
1714 1769
3501 3796
2054 2068
537 559
2370 2526
3185 3278
2202 2626
576 615
2059 2607
1238 1323
1049 1317
1373 1495
947 1184
2143 2533
1953 1983
2069 2549
1393 1540
3145 3419
2300 2353
1322 1591
400 559
3022 3064
3833 3951
2446 2575
419 551
1505 3062
3157 3350
2904 3016
2121 2604
993 1149
986 1236
1912 1986
1971 2086
2683 3286
3472 3685
2216 2586
0 185
2560 2655
2983 3020
1984 2386
695 805
2196 2475
2244 2543
2335 2488
1360 1726
2074 2339
1572 1800
2311 2646
752 827
2001 2378
1324 1783
1032 1473
2059 2381
3586 3971
1330 1613
2399 2475
966 1547
2331 2414
3851 3966
3203 3313
2232 2649
1173 1888
1274 1708
1741 1746
2786 2877
2229 2654
1347 1727
2023 2488
2275 2630
2862 2929
2206 2464
2212 2520
2960 2974
3497 3940
2123 2352
1955 2461
1425 1844
2839 2925
1986 2499
2200 2625
2007 2498
1275 1783
1159 1828
2108 2418
2716 3077
705 810
2111 2555
997 1125
1305 1886
710 853
2124 2309
1269 1753
3152 3169
1912 2297
957 1277
1173 1800
2250 2473
2213 2563
1269 1827
2109 2324
2664 2669
364 399
2199 2629
3617 3830
2339 2359
1943 2064
3445 3628
1993 2043
1480 1653
2754 2896
2923 3411
402 558
1337 1480
1049 1888
2928 2974
506 517
1234 1343
3545 3860
372 547
2739 3019
2257 2309
2232 2594
1143 1591
2018 2024
952 1399
107 1115
107 1031
3508 3553
3038 3177
1447 1669
1399 1730
1431 1717
2136 2340
2787 3327
1912 2356
1205 1888
2150 2489
1382 1495
1285 1900
1243 1735
2326 2504
916 1557
2112 2433
967 1290
2749 2969
2253 2593
3604 3737
436 606
1099 1454
352 479
2174 2336
1006 1431
3573 3702
2338 2511
1449 1547
2108 2573
1932 2138
932 995
2261 2376
3466 3469
2165 2526
3145 3172
1684 2666
1329 1813
1196 1836
184 329
2716 2989
2326 2500
1914 2365
1017 1623
2332 2543
1238 1757
1454 1502
1126 1480
3437 3660
170 334
3448 3540
1981 2384
713 842
2500 2520
954 1281
1003 1737
896 1018
1983 2354
1598 1610
1589 1597
21 105
2268 2571
2007 2303
2430 2484
1959 2279
2873 3123
3990 4007
2123 2190
1104 1462
2708 3262
906 1344
953 1107
1327 1384
688 856
2151 2543
2142 2347
2695 2920
1099 1783
434 492
2054 2153
2134 2289
3826 3969
687 747
1714 1902
2829 3334
3714 3869
2743 2777
2961 3227
432 544
2037 2464
2680 3033
3515 3706
3163 3435
1126 1612
1332 1844
2260 2341
419 486
1570 1833
2212 2356
1491 1707
978 1613
748 849
1048 1182
2411 2488
2445 2589
2187 2384
3207 3285
2468 2611
2947 2962
1730 1754
3698 3747
3505 3753
1416 1768
921 1312
2025 2620
2033 2275
3563 3656
1137 1493
1599 1731
1920 2282
1950 2648
2353 2575
1327 1836
2149 2347
2149 2319
2165 2623
2006 2365
1092 1864
2354 2526
3463 3593
637 1628
2863 3347
583 635
1420 1867
2340 2381
2521 2638
2718 3264
2266 2518
2371 2628
946 1632
1783 1812
1126 1761
1684 3190
1966 2593
919 1661
906 966
2086 2369
2040 2276
1059 1431
2404 2655
2306 2542
2111 2396
2590 2593
1456 1559
484 566
380 486
2201 2329
2812 3249
2765 3120
1912 2638
1335 1736
2815 3142
1125 1352
2607 2646
653 685
1684 3138
117 231
3295 3356
1006 1153
2779 3177
2386 2624
980 1048
2059 2546
2762 3277
3049 3201
1941 2332
3107 3275
1912 2072
2606 2607
2059 2347
1004 1886
2104 2578
2087 2128
2549 2604
1996 2581
2238 2335
2940 3232
1923 2145
2395 2446
3027 3353
2028 2555
483 1729
705 824
3070 3082
999 1621
784 854
3501 3596
706 805
1108 1235
3108 3250
2546 2638
1471 1619
2694 3108
1059 1551
1938 2539
2585 2647
2516 2605
975 988
978 1833
3077 3091
2345 2491
773 829
1132 1214
490 491
2787 3038
3541 3892
957 1857
2014 2626
1191 1863
1289 1491
1243 1352
2958 3261
10 169
1215 1706
3528 3930
2352 2354
980 1431
2939 3267
3528 3576
1929 2093
3472 3698
1235 1716
1979 2037
688 823
1231 1655
3220 3324
2870 3154
1959 2062
960 1663
1199 1416
3437 3474
3332 3347
1659 1689
2118 2520
0 137
2112 2477
2188 2460
2271 2574
3000 3363
2764 3222
728 730
3525 3970
3437 3957
1101 1714
1001 1397
133 271
701 713
1234 1453
2267 2473
1978 2474
2090 2576
2472 2629
966 1211
1344 1622
1290 1891
2159 2364
964 1783
2762 3214
1456 1613
2782 3184
980 1714
1962 2363
1509 1888
2916 3040
3104 3390
1113 1625
940 1469
252 261
748 758
2187 2617
1209 1816
2188 2429
373 520
2351 2498
1066 1082
2200 2506
686 851
1077 1911
1539 1559
2222 2235
444 531
1570 1600
2796 3419
1340 1810
1999 2538
2376 2573
1272 1590
1912 2387
2020 2482
2680 3078
526 1791
107 1695
1156 1370
1449 1836
2052 2555
107 1080
2199 2243
2796 3101
2244 2429
2137 2573
1010 1650
2683 3394
1684 2915
2941 3263
2423 2593
1313 1543
2133 2589
2956 3433
2890 2909
2075 2509
67 277
1126 1535
2989 3252
3142 3174
2142 2154
2561 2593
1198 1431
2108 2600
1279 1596
2409 2563
3437 3640
414 597
3702 3891
2078 2625
1064 1473
1211 1520
3019 3024
3817 3842
1408 1453
1086 1813
1613 1683
2039 2372
2039 2567
2951 3411
1959 2191
2029 2117
2754 2920
2854 3234
1917 2084
1753 1845
3464 3510
1917 2539
1919 1980
3573 3625
483 1680
410 555
3077 3253
22 87
2164 2220
1289 1833
265 311
1536 1807
2180 2294
2359 2559
1195 1765
348 389
934 980
993 1580
2190 2410
2201 2619
919 1020
1926 2054
941 1282
1210 1446
1997 2172
2782 2806
3437 3714
1454 1894
2223 2266
1729 1850
2056 2613
1369 1561
1211 1741
763 803
2904 3152
2340 2560
944 1472
2850 2925
580 656
1716 1872
506 604
728 819
3545 3841
2915 2927
2020 2492
2068 2512
1026 1622
1235 1345
2994 3400
2223 2519
3047 3426
2526 2578
2136 2532
993 1663
1101 1256
2232 2571
1714 1768
2038 2471
2400 2629
3655 3776
1391 1488
2068 2533
2304 2537
1985 2506
2033 2261
1032 1820
1079 1126
2043 2409
579 666
1994 2510
1684 3349
369 551
1309 1783
3437 3968
2833 3049
2045 2520
3261 3298
2472 2598
2153 2616
1932 2351
3768 3793
1329 1663
360 422
1213 1855
2073 2391
198 399
3481 3883
1156 1520
2077 2136
107 1713
1611 1872
686 760
1960 2335
199 252
2786 3384
1204 1282
3002 3082
3918 3957
2149 2510
2078 2307
2724 3068
770 828
3124 3215
947 1185
2124 2586
3136 3279
2000 2022
388 487
1584 1864
2906 2960
1551 1570
2064 2410
2086 2233
1149 1835
3240 3416
1539 1620
2446 2526
2951 3299
1341 1734
2919 2960
190 229
3684 3817
1757 1761
3106 3146
2049 2523
2117 2434
2244 2359
2005 2258
0 317
2797 2995
392 394
1377 1689
2464 2625
2165 2324
2054 2319
1590 1717
107 1089
2060 2188
3124 3205
3612 3893
1183 1667
2928 2956
2217 2540
1489 1661
387 417
3201 3381
1686 1720
2148 2196
1101 1712
2698 2729
2983 2999
946 1398
2693 2903
453 498
2216 2477
422 644
2294 2592
601 630
2054 2445
2209 2641
2199 2609
1287 1390
1456 1816
1054 1724
1377 1620
360 514
1813 1861
1079 1198
1118 1186
1205 1663
2173 2403
2864 3362
1341 1612
2057 2087
1060 1515
2075 2344
3060 3378
2244 2593
686 750
2064 2482
1832 1886
1685 1730
2072 2491
1104 1638
1014 1872
2428 2482
2430 2563
580 1300
1470 1620
1209 1888
3500 3664
2742 3182
2801 3255
2763 3213
1475 1893
1080 1122
366 580
1966 2290
1612 1835
2815 3195
3022 3096
1101 1610
2853 2991
2741 2993
21 39
2037 2308
2757 3036
1184 1375
2915 3384
1301 1518
942 1508
2275 2549
3714 3823
1291 1390
405 478
1931 2024
2701 3262
1604 1605
62 133
2446 2615
3100 3145
2984 3223
53 213
2032 2327
1734 1761
2186 2232
2125 2511
2266 2323
1471 1652
1298 1903
2058 2216
1322 1720
2244 2654
1156 1816
2328 2531
1598 1888
62 341
3005 3010
1488 1816
1925 1993
3511 3904
2815 3250
1190 1345
2148 2598
107 1738
983 1542
353 1358
1970 2389
531 570
457 486
1227 1893
2693 2764
1584 1799
2939 3291
2287 2331
1389 1730
2133 2598
1699 1876
1172 1757
3188 3299
1148 1257
420 471
2673 2761
2844 2878
2782 2862
1933 2497
512 517
3734 3824
2492 2623
2719 3280
1070 1275
2974 3174
2339 2593
1402 1707
2264 2461
2738 3362
2032 2608
2343 2461
1920 2567
1724 1867
391 428
2698 2839
2188 2354
1267 1522
495 520
1110 1526
2419 2461
952 1761
3822 3900
2172 2593
1037 1681
606 1334
3195 3436
2037 2393
1172 1376
1338 1504
924 1000
1327 1563
770 820
1685 1813
2668 3134
3137 3158
2904 3406
2669 2925
1447 1598
2718 3255
0 258
1349 1645
1966 2631
1350 1583
2130 2618
3692 3797
1964 2035
989 1019
1684 2826
1284 1576
2220 2602
1491 1839
1221 1529
978 1520
1559 1816
1173 1180
606 905
2471 2508
1290 1754
2984 3027
2060 2272
119 148
1939 2396
897 1329
2183 2292
3484 3633
1622 1799
2759 2854
1146 1376
1014 1907
1912 2365
366 428
1989 2593
1917 2237
922 1305
2285 2617
1137 1733
2261 2266
1538 1717
1912 2424
1122 1349
1024 1736
1222 1885
2328 2592
389 1259
2052 2511
95 319
977 1748
1997 2074
1256 1757
1962 2573
1529 1727
1993 2124
957 1379
2496 2567
1469 1672
2306 2504
984 1166
3185 3297
1827 1835
475 1374
67 252
2091 2342
1530 1804
2833 2869
2131 2150
1508 1751
3595 3739
2030 2083
1343 1569
432 482
1680 1691
1185 1431
376 497
2020 2201
1614 1730
3274 3320
1104 1277
1185 1312
1006 1809
0 22
579 639
2063 2306
3804 3824
2275 2546
2161 2259
2026 2250
1139 1259
3495 3545
2045 2084
3776 3964
2812 2818
3085 3193
3162 3366
2122 2308
1976 2012
1160 1280
2268 2567
414 642
807 843
1460 1637
3617 3758
2198 2273
3263 3406
1449 1714
2718 3402
1238 1547
738 752
2912 3064
2046 2600
2190 2553
980 1643
2074 2446
1232 1648
1300 1645
2433 2499
1112 1683
1398 1804
2866 2909
2184 2504
1344 1746
107 988
1948 2461
617 619
982 1839
1985 2408
195 273
412 538
2309 2552
1378 1533
947 1416
993 1746
2191 2282
2669 3040
2947 3001
25 26
897 1535
1912 2658
2032 2148
23 124
1918 2271
0 287
3051 3288
2090 2369
924 1120
2055 2542
919 1729
1912 1999
1205 1796
1438 1587
927 1528
107 981
2748 3124
1469 1904
107 906
2839 2912
1420 1833
303 345
1117 1584
3026 3339
3437 3961
2112 2446
1964 2419
1471 1480
1525 1536
199 232
2309 2625
2020 2210
2216 2492
2246 2377
2674 2828
3460 3931
21 134
2332 2336
1714 1800
135 284
2877 2994
1620 1675
2292 2419
3007 3101
962 1844
2667 3087
136 2102
2734 3254
1128 1584
997 1205
1550 1841
896 1227
2254 2498
1541 1904
2738 3417
1306 1507
1121 1536
1589 1827
3505 3512
1985 2460
1328 1410
2145 2357
896 902
1347 1502
1149 1724
2199 2368
2126 2405
637 1694
2279 2398
1250 1617
308 322
1214 1833
1015 1628
1483 1605
366 496
2897 3064
1523 1600
3605 3640
1112 1804
480 593
2571 2597
2154 2190
3023 3414
1039 1608
2509 2616
2324 2549
1280 1793
1272 1467
1017 1335
1322 1347
921 1570
3677 3756
2551 2619
376 482
2526 2552
2010 2463
3860 3884
1128 1810
2396 2451
2233 2356
1534 2693
730 747
2967 3213
2043 2352
925 1622
2093 2615
1409 1730
2369 2386
369 563
2597 2649
2011 2645
2669 3078
2099 2126
542 567
2093 2564
3539 3584
2299 2370
2777 3096
1282 1828
1391 1535
1409 1608
1899 1903
1971 2542
993 1341
1972 2061
1499 1562
98 238
1752 1827
2059 2468
3070 3302
1340 1547
2748 3106
1626 1674
2696 3140
1505 3258
2115 2602
2165 2323
1079 1390
34 173
1931 2633
1993 2184
2337 2435
1655 1728
2315 2589
1608 1612
1329 1376
2914 3214
98 261
2161 2511
2299 2554
2218 2276
2068 2305
3267 3280
1867 1881
2719 3182
2712 2742
3683 3790
764 843
1199 1287
2324 2499
3184 3387
1318 1773
107 1613
2266 2550
3465 3519
107 1467
2273 2327
2304 2617
1456 1557
1578 1862
2123 2370
2850 2864
1471 1563
2188 2347
1341 1370
107 1807
353 936
977 1260
1391 1800
2026 2436
2189 2436
1009 1720
1175 1612
2532 2593
62 130
2007 2643
2098 2220
2757 3220
1256 1610
2662 3002
1247 1885
2327 2516
2868 3373
3051 3344
1132 1605
975 1502
1361 1718
2128 2338
2919 3004
1175 1620
1078 1359
1985 2112
3273 3346
1083 1589
3503 3672
1666 2869
9 252
2087 2328
2334 2433
2430 2433
3437 3777
2030 2253
1971 2549
107 907
2005 2543
3080 3400
1124 1485
2965 3060
373 456
3081 3398
3604 3677
1833 1902
3021 3152
2546 2624
1001 1180
483 1032
348 407
2010 2125
1488 1554
3811 3949
57 302
1943 2108
1431 1584
1214 1772
2271 2624
1078 1416
2999 3327
1158 1903
2910 3345
2423 2539
3488 3877
2108 2109
4017 4021
1104 1279
1329 1643
3458 3793
2103 2266
1917 2560
2787 3379
1998 2157
107 1342
3736 3831
2233 2521
3579 3774
573 644
1417 1899
2053 2203
2750 3348
592 625
3185 3320
376 458
930 1881
1325 1360
3437 3694
925 1621
1418 1830
2664 3384
1993 2506
1569 1709
2123 2376
2844 3034
3861 3904
1604 1898
989 1729
1367 1746
1082 1680
2344 2434
3506 3643
3706 3803
3725 3874
1520 1861
1018 1508
122 213
976 1878
1956 2487
1545 1696
3672 3938
3687 3762
2717 2956
1621 1750
1684 3335
374 414
1336 1399
934 1833
577 627
1156 1391
2194 2372
2032 2571
1323 1359
416 557
1080 1673
1603 1735
1662 1891
696 739
1946 2370
575 579
373 378
3576 3938
1613 1861
1331 1370
1917 2607
2516 2642
2560 2625
947 1128
3460 3601
578 670
1413 1680
2142 2655
959 1619
2339 2468
107 1765
2202 2657
1973 1995
2058 2526
2108 2142
2742 3160
2308 2492
698 828
2054 2199
2218 2601
3203 3342
2755 3387
2135 2267
3353 3422
3545 3962
2392 2430
3038 3344
3 122
2081 2475
1285 1471
3739 3912
698 861
1205 1811
1135 1164
1160 1243
2228 2397
1431 1668
1107 1457
3586 3734
2679 2839
1060 1859
1941 2607
3722 3773
2216 2331
932 1594
919 1277
1528 1557
3002 3353
469 505
2151 2247
2720 2984
75 274
1423 1720
928 1676
21 325
2084 2467
1736 1833
1938 2430
2155 2425
1417 1621
1547 1600
2052 2333
2163 2502
1971 2504
198 441
3266 3405
3640 3858
2410 2549
768 833
2043 2623
1538 1839
525 544
3076 3262
2155 2344
1335 1772
960 1331
2877 2911
1020 1732
461 523
348 413
1925 1946
2323 2655
2123 2485
3397 3416
916 1753
1310 1686
1163 1184
1912 2542
1684 3198
2705 3301
2907 2929
588 619
2306 2564
1927 2583
1392 1583
2408 2423
687 856
967 1420
1766 1870
2247 2458
1330 1604
2165 2257
959 960
3648 3758
2069 2139
2334 2446
1385 1529
389 505
1835 1861
2059 2188
1288 1833
2109 2655
3111 3240
2081 2396
1327 1618
3089 3120
2944 3153
1266 1822
3367 3396
2078 2391
1014 1729
2070 2644
2763 3234
2047 2567
1079 1752
2333 2351
903 1363
1129 1611
2972 3314
2469 2482
997 1811
2757 3364
450 463
3576 3577
2172 2323
1027 1890
2871 2875
2151 2199
1684 3248
3779 3930
13 313
898 1751
1023 1073
1237 1332
1215 1489
2104 2359
526 1778
2125 2298
107 1561
107 1809
3437 3893
2046 2331
953 1117
322 329
2323 2418
589 596
1024 1214
507 515
921 1826
2045 2353
3499 3535
370 506
3149 3284
1003 1126
370 378
2504 2624
1941 2593
2386 2526
2187 2571
2777 2864
2907 2974
2003 2062
2869 3060
2960 3040
2363 2408
1985 1993
21 197
1684 2946
2951 3018
2160 2587
3837 3975
1273 1515
2038 2612
2224 2345
925 1867
544 553
966 1336
917 1296
107 1810
1578 1691
2074 2374
1730 1765
1678 1726
1927 2378
1473 1709
3641 3933
2566 2610
2315 2372
816 850
1485 1782
2118 2229
1160 1222
2344 2516
2241 2629
2877 2919
435 555
1047 1557
107 538
914 1408
420 569
2985 3284
1728 1841
2829 2951
1099 1583
896 1742
2244 2559
1945 2169
2386 2418
1074 1219
1420 1800
2078 2324
452 500
1985 2244
107 1472
1912 2060
3096 3384
2200 2593
1943 2404
3506 3822
1048 1811
2131 2547
2912 3047
2140 2553
1313 1427
3082 3335
148 224
107 1003
3521 3553
1816 1868
3641 3907
2356 2590
107 1000
3158 3433
1409 1580
1129 1475
606 1320
2037 2190
361 568
2724 3285
1399 1457
1959 2274
2491 2511
2095 2261
92 346
901 1216
1576 1636
1156 1800
1366 1373
1399 1714
3185 3198
1528 1688
348 509
1919 2346
1391 1827
1086 1619
2575 2601
107 1174
391 517
2717 2867
3033 3080
2232 2313
1912 2532
2568 2603
483 614
1986 2077
1094 1531
348 550
181 195
2144 2241
2590 2602
137 167
2302 2436
2783 3087
1425 1743
1525 1681
3335 3360
3599 3740
1630 1876
2897 2943
2780 3265
1992 2170
917 1481
2715 2723
2708 3396
2074 2404
1730 1737
1185 1662
1126 1741
1984 2563
3617 3793
2128 2502
1198 1612
3591 3951
1918 2611
1684 2977
2739 3069
2669 3274
1940 2302
2083 2638
1527 1911
1431 1791
1923 2047
2501 2603
388 500
2759 2820
13 148
1322 1379
1185 1416
460 479
1917 2504
1037 1703
374 563
484 500
2598 2653
1973 2143
1986 2261
1971 2395
3649 3695
3456 3618
736 850
2208 2229
1913 2529
1019 1413
592 630
1286 1893
2408 2560
2326 2615
2451 2589
3114 3339
2220 2590
483 1392
1547 1707
1998 2571
1229 1345
686 830
2477 2551
82 203
2038 2608
592 621
1267 1302
2464 2624
2058 2290
41 214
1505 3020
2754 2897
3677 3828
2909 2916
1439 1804
2996 3345
3534 3881
2254 2547
1917 2573
3448 3828
1617 1663
1723 1813
1683 1707
3128 3336
2083 2607
1413 1859
3891 3966
2069 2121
1449 1888
1533 1837
2040 2543
404 556
980 1584
2020 2308
26 257
159 172
1132 1377
2989 3041
2150 2271
928 1705
2689 3324
2131 2600
1828 1907
999 1399
398 412
113 122
2240 2407
2423 2428
758 827
484 1506
422 520
1434 1460
2144 2653
1032 1281
1074 1736
373 492
3072 3192
695 713
1211 1367
3734 3948
2179 2257
1496 1507
1305 1584
1951 2647
2037 2476
2229 2543
1746 1799
1345 1573
2485 2543
2916 2966
1912 2569
2040 2293
3511 3900
2683 3096
999 1538
461 527
2731 3090
1975 2197
3664 3901
2750 3073
2047 2305
2445 2508
1686 1704
2124 2619
745 820
1199 1542
2921 3107
3528 3542
3437 3965
1389 1898
901 1319
1918 2423
211 271
3625 3633
417 527
484 567
3051 3170
2754 2916
1964 2589
2036 2265
1968 1980
3252 3335
1991 2346
1804 1813
3516 3562
932 1173
360 567
2334 2449
123 200
2872 2985
1685 1809
1583 1871
3639 3830
2299 2546
2773 3078
2027 2636
1551 1639
3475 3684
1075 1609
3195 3250
3054 3387
1628 1875
2258 2326
2333 2420
1959 2110
3437 3574
1375 1746
2199 2328
2125 2643
2386 2601
1559 1811
2715 2901
1979 2543
3140 3321
2872 3250
1079 1557
2073 2578
1429 1487
3557 3737
2593 2631
1619 1757
195 306
1116 1608
14 312
3058 3188
968 1827
1955 2336
1185 1272
1250 1799
907 1172
213 224
353 493
3152 3288
1684 3228
2005 2556
2088 2484
1522 1799
236 271
1207 1302
2839 2956
3099 3369
48 271
2679 2741
1684 3031
1684 2889
2223 2617
2078 2098
3103 3136
1926 1954
2095 2140
2554 2630
2060 2446
2563 2604
2308 2462
2052 2319
513 634
1068 1365
3236 3264
1483 1637
896 1044
1962 2179
408 512
1507 1783
107 1203
2326 2578
1242 1644
3464 3738
1315 1576
2169 2642
3696 3776
2454 2611
2109 2579
1920 2333
1306 1348
1180 1663
946 960
3152 3198
1221 1462
353 1673
1589 1613
1050 1266
1110 1528
104 113
766 771
3478 3747
1943 2607
2383 2646
1109 1259
1475 1887
3437 3739
2257 2354
2078 2093
3221 3248
3078 3426
2154 2339
2461 2617
1984 2307
2243 2387
25 271
1078 1902
1741 1888
1643 1653
1923 2270
430 497
80 92
1163 1256
1092 1559
2825 2942
1684 3299
2712 3347
2479 2501
3818 3896
3188 3320
3656 3948
2901 3038
576 583
84 276
2521 2611
1126 1250
3762 3800
1199 1833
2550 2553
2753 3145
2778 3060
2887 3220
2115 2654
1663 1741
483 1324
3634 3829
3084 3433
3180 3372
2040 2104
2068 2571
2939 3049
2029 2282
2046 2631
1471 1598
1132 1207
2038 2491
3051 3396
444 495
1370 1839
1124 1125
2933 3012
3184 3417
3518 3611
1271 1559
2090 2104
2661 3101
128 199
3636 3815
1610 1621
954 1502
1302 1752
500 503
1684 2959
3324 3363
2684 2775
0 43
3479 3594
3117 3124
2124 2520
2056 2507
1947 2053
2083 2500
2053 2555
1611 1647
1267 1376
713 746
1613 1821
2418 2553
500 542
2731 2890
688 815
993 1312
2687 3046
3531 3949
3825 3927
580 1025
2800 3096
2937 3206
2738 2743
1917 2172
1221 1315
428 667
2184 2623
2331 2579
3028 3072
997 1201
2233 2266
2914 3302
1212 1831
1370 1559
930 1122
2076 2255
2164 2607
1006 1683
1199 1597
1269 1835
1024 1133
57 80
2222 2274
1302 1827
513 542
1172 1707
1217 1487
606 645
1190 1583
2973 3360
3052 3315
2976 3344
921 925
2140 2549
2199 2289
2770 3185
483 1565
2150 2619
248 323
1735 1877
483 538
2509 2518
2326 2418
3117 3214
44 312
2253 2484
933 941
2369 2462
2986 3073
1291 1431
417 537
2754 2988
2009 2648
3577 3797
2184 2543
199 239
1054 1819
2043 2142
3437 3799
3225 3287
1482 1504
2072 2377
1017 1598
1677 1744
3702 3804
3101 3265
1015 1903
2289 2643
3437 3969
2203 2413
3051 3381
3739 3819
1331 1420
2078 2414
1175 1707
1948 2250
2372 2510
2133 2175
1955 2125
941 1893
2273 2343
3614 3825
1684 3164
1223 1724
1612 1886
3995 4000
1757 1868
2756 3293
1431 1868
946 1714
2200 2559
1204 1515
2043 2340
31 51
2000 2647
916 1402
2056 2576
1946 2020
277 308
1925 2324
1116 1688
2763 2931
990 3245
1231 1638
3136 3331
1205 1669
1115 1862
1068 1211
2742 3280
2370 2410
1020 1454
3077 3086
1413 1655
3236 3256
1986 2542
1929 2467
2098 2164
2735 3140
932 1440
2118 2395
1488 1542
1048 1675
2104 2347
2244 2307
2307 2553
2429 2478
1656 1684
2072 2138
942 1102
2521 2655
439 525
1583 1899
2199 2327
2078 2630
2032 2292
1184 1714
2789 2807
2757 2839
3442 3470
2601 2624
687 823
2042 2336
2426 2513
649 1694
1075 1888
1117 1173
77 231
2007 2475
119 128
916 1076
1009 1786
1534 3278
2909 2986
995 1559
1943 2045
1562 1886
1059 1376
916 1718
1229 1812
2198 2588
1277 1824
431 471
2526 2536
378 506
2152 2231
2753 3079
2242 2498
1003 1795
2749 3348
3703 3755
596 1412
2129 2488
952 1028
1431 1833
713 731
422 438
1917 2478
3558 3792
989 1728
2370 2600
2521 2604
3019 3154
1684 3217
3604 3838
2018 2116
3038 3342
778 844
2604 2611
2815 2839
3456 3804
2047 2153
2039 2047
3604 3943
800 823
1250 1707
2938 3369
2037 2216
1174 1251
2368 2598
2492 2526
2880 3213
1979 2123
1017 1816
3437 3508
1444 1876
1993 2638
2945 3135
2661 2828
2348 2386
583 600
3481 3581
1826 1879
1608 1689
2138 2436
455 543
348 420
2121 2271
1185 1833
2095 2381
3231 3400
2019 2334
584 678
2409 2546
1955 2508
1684 3172
1532 1653
3051 3186
517 606
630 672
650 670
1630 1686
1199 1516
2578 2630
2165 2542
2663 2726
1468 1568
122 342
2944 3433
2131 2613
2165 2462
1943 2578
1684 3329
422 614
2176 2289
2797 3350
995 1861
2506 2604
3263 3279
1107 1222
2218 2309
2906 3096
782 786
2866 3426
1912 2334
1374 1400
2381 2619
1436 1794
1334 1782
1125 1153
2786 3387
348 432
1966 2469
355 396
2465 2653
1941 2142
1 280
1451 1820
1916 2176
3826 3906
2712 2716
2564 2575
1645 1778
2319 2461
2271 2404
2756 3104
1595 1783
107 1056
1232 1880
376 396
483 506
3697 3971
2552 2561
412 580
2892 3162
708 890
1083 1101
2104 2118
2739 3191
586 646
1003 1641
402 514
3569 3969
2932 3136
2778 3267
3545 3697
2053 2347
3016 3169
3327 3389
2073 2561
906 1480
1449 1860
947 1028
1979 2088
946 1800
2234 2303
2086 2468
2187 2458
2758 3259
1107 1172
2340 2554
3011 3019
2103 2184
978 1329
1469 1906
219 319
3456 3830
2330 2589
3078 3129
2093 2122
2165 2290
1029 1153
3052 3388
198 351
3327 3424
2038 2224
1107 1789
353 400
2786 2981
1530 1597
1235 1742
3051 3201
2133 2328
1966 2359
1419 1684
2665 3224
2873 2993
2869 3381
2681 2925
3098 3339
2082 2412
2414 2428
1540 1864
1986 2526
1527 1670
2679 2873
1185 1823
1289 1622
3568 3931
1529 1781
3232 3348
3619 3970
497 515
2043 2201
2127 2588
1377 1590
2043 2430
2694 2948
2084 2606
3437 3970
1399 1605
1941 2058
1332 1881
2240 2553
483 1720
2715 2832
1938 2323
698 883
764 783
2025 2365
3776 3960
1132 1222
3631 3648
990 3248
2224 2461
3728 3921
1078 1810
1983 2624
1404 1720
1238 1609
348 568
2881 3172
1999 2143
2469 2478
2267 2567
2030 2624
919 1871
1925 2043
414 576
2122 2409
1250 1402
2257 2564
654 680
1912 2113
2742 3060
2240 2469
2347 2354
2347 2586
2103 2559
2077 2139
2943 3228
2051 2313
1975 2175
1374 1692
3101 3316
2551 2607
1390 1399
1102 1316
1954 2629
861 863
2929 3435
2319 2511
3085 3238
1529 1828
2096 2328
3753 3778
1920 2224
1019 1067
2778 3172
1661 1742
2088 2446
3498 3835
626 677
21 123
2058 2467
3139 3229
378 434
1115 1190
992 1784
2782 3014
3247 3335
3437 3452
1684 3273
2410 2512
2353 2563
2680 3064
604 671
2679 2681
2282 2649
3033 3226
2507 2553
1160 1637
161 277
2144 2384
3443 3593
1290 1750
1238 1816
2067 2092
354 470
1962 2086
2060 2112
3024 3133
1986 2607
1017 1181
1020 1373
3034 3345
1280 1359
414 650
3776 3933
2127 2372
2209 2325
921 1352
3342 3421
2773 2913
1004 1736
1538 1556
959 1809
1129 1872
3563 3741
1471 1612
2743 3243
1912 2243
1082 1231
2991 3049
2377 2516
2135 2597
2785 3041
2147 2262
422 630
1912 2307
1938 2063
1323 1891
2121 2354
400 556
1975 2035
2750 3096
2123 2552
2131 2563
142 271
3655 3933
942 1148
2723 3215
2053 2215
1534 2883
1444 1540
1312 1714
2579 2638
1457 1714
1609 1782
107 1579
238 271
1063 1256
1457 1605
2123 2482
3152 3434
446 548
107 1274
1508 1871
348 350
2384 2529
98 315
503 559
2387 2404
1976 2620
3536 3727
1355 1699
3718 3758
2191 2264
1770 1876
1979 2381
3521 3815
2324 2446
3082 3148
2104 2124
957 1550
1972 2639
1269 1668
1431 1813
2144 2289
2115 2352
1182 1612
2101 2511
2719 3206
3478 3607
2237 2347
2796 3274
1479 1515
3674 3756
953 1409
3008 3382
1318 1464
2866 2910
3468 3645
357 459
1444 1807
2294 2420
1279 1404
1086 1737
1184 1522
1449 1833
2748 3215
1467 1804
366 1397
482 496
1221 1279
2223 2333
2069 2290
729 889
1086 1146
3184 3234
2374 2430
701 760
2069 2352
1964 2228
3982 4003
2729 2786
3638 3716
745 787
963 992
1018 1720
902 1379
136 2279
1399 1689
1601 1629
1163 1652
1925 2201
136 2472
2926 3427
2201 2331
1684 2809
2352 2615
2856 3099
1962 2409
2761 3054
1272 1886
2916 3078
2951 2990
1256 1483
1028 1610
1584 1888
2279 2643
1912 2618
1268 1529
734 766
484 1095
2200 2495
2064 2646
823 856
1691 1862
2317 2456
1684 3062
1962 2064
2144 2649
2910 3054
2046 2369
1475 1691
830 846
3521 3842
248 265
1912 1974
2894 3280
2278 2575
1006 1821
2020 2507
3578 3877
2564 2591
1116 1344
2998 3157
2123 2590
2007 2461
1059 1632
2936 3154
2000 2018
107 414
2354 2554
913 1885
932 1205
1608 1637
2148 2463
2183 2385
1066 1245
2683 3036
2369 2576
1940 2343
1938 2593
2326 2383
34 428
3098 3117
2768 2973
1199 1665
2045 2607
55 252
348 538
425 434
2093 2218
2866 2940
718 787
1970 2282
2793 3316
2081 2087
781 783
2326 2539
1638 1871
3659 3930
378 542
2397 2488
1993 2347
3593 3648
1024 1863
3252 3406
2452 2498
1416 1532
3078 3226
107 1092
2302 2461
1610 1842
2874 3243
2064 2446
1086 1879
959 1370
2872 3166
1940 2643
1431 1689
2461 2537
1991 2024
1639 1644
3084 3324
2913 3226
3172 3313
1970 2396
2394 2603
2864 2986
2201 2492
1376 1811
3437 3478
2043 2164
2392 2418
2578 2615
1483 1551
900 1687
2369 2552
1376 1467
1460 1782
2058 2172
2154 2408
2087 2151
704 770
2115 2233
1189 1630
2342 2456
2777 2960
3185 3350
2132 2273
2964 3057
2077 2600
1921 2639
2149 2279
3036 3104
20 333
366 1790
2870 3347
1042 1338
1666 3258
1587 1680
1984 2575
1912 2358
136 2153
2319 2394
2880 3085
2077 2560
2043 2323
1048 1659
2253 2485
213 236
2712 3351
3728 3753
688 774
2048 2128
1519 1528
1477 1909
957 1170
1706 1893
1591 1636
1899 1907
1551 1791
3064 3108
2410 2449
2237 2348
2083 2188
1912 2143
1142 1790
517 637
1241 1686
3516 3523
1113 1606
0 320
40 325
3633 3928
1918 2374
196 330
1983 2271
2688 2693
941 1502
107 1326
1416 1471
1729 1783
2800 2960
1204 1503
3001 3244
2383 2546
1469 1770
479 527
1613 1868
1024 1153
1606 1740
526 1054
1571 1662
2338 2508
3521 3713
1929 2504
1095 1897
927 1312
2083 2543
2309 2404
2319 2529
2199 2394
2126 2628
1402 1800
1554 1867
3720 3787
954 969
1945 2068
1292 1611
3116 3411
1626 1813
1291 1736
2950 3172
1584 1807
2243 2415
2264 2372
2002 2196
897 1782
354 531
2908 2909
1732 1871
3731 3966
2069 2573
2029 2637
1479 1502
107 1510
1104 1429
2138 2420
1100 1655
1411 1554
2914 3072
2111 2221
2328 2537
1925 2142
2103 2408
107 1827
412 526
1804 1827
2261 2654
967 1092
3738 3956
1126 1868
107 1443
1335 1902
3473 3912
1348 1507
348 521
1051 1444
953 995
2116 2337
475 507
1917 1984
2098 2190
0 323
2201 2500
2735 3385
3927 3945
944 1338
2700 2784
3493 3558
1004 1532
2719 3101
2075 2603
813 833
1352 1520
2781 3397
2959 3309
2408 2414
3104 3114
186 323
2404 2579
1524 1772
1101 1900
1994 2372
1955 2608
708 800
1419 1780
2290 2484
980 1839
2833 3152
2184 2308
2093 2631
2103 2278
3501 3824
1970 2509
1040 1619
1551 1746
1719 1803
966 1793
2464 2646
187 266
2000 2192
767 839
2062 2319
2007 2189
1003 1707
1180 1804
2158 2335
2176 2241
3021 3316
1919 2341
2224 2398
1180 1483
927 1334
107 1701
1540 1827
3212 3299
3710 3921
1132 1291
2140 2573
1018 1871
2244 2623
3656 3929
1440 1817
966 1078
1943 1986
252 338
3766 3809
2679 3029
2991 3252
3874 3917
1390 1457
3398 3405
3026 3119
2140 2499
360 362
3123 3158
969 1786
2679 3324
1211 1331
1271 1613
2323 2575
1778 1882
1938 2369
1079 1888
2336 2617
2111 2235
1149 1272
2818 3261
2172 2446
1689 1714
2313 2488
2007 2399
2142 2601
2142 2501
420 507
2148 2597
2890 2928
713 819
1449 1488
1522 1688
637 1673
1341 1668
2428 2462
946 1580
2719 3185
1075 1209
1621 1827
3148 3298
1993 2005
1333 1798
1126 1736
1288 1289
1198 1563
1059 1290
1146 1471
2098 2150
3534 3770
1730 1867
1429 1794
1998 2639
353 1529
1026 1835
1125 1736
2059 2606
1746 1826
2093 2131
1269 1557
2142 2564
2043 2154
1983 1985
983 1456
1804 1861
2914 3136
0 138
2093 2340
3497 3672
2703 3423
26 104
397 485
3463 3555
1130 1391
2241 2555
1160 1214
2118 2586
2052 2420
2329 2615
2833 3212
2283 2294
1333 1548
2112 2521
1086 1198
1211 1458
2128 2603
2737 2892
3992 4000
1209 1750
475 556
1926 2002
2685 3011
1912 2398
1192 1229
1069 1285
1280 1352
1290 1365
709 754
414 593
479 512
2368 2616
2010 2052
1973 2648
2176 2406
1056 1584
1684 2969
3437 3520
2323 2560
348 511
2142 2554
1610 1809
2244 2500
2331 2467
2410 2563
1078 1551
2115 2190
1170 1691
982 1370
483 1766
1972 2435
376 586
1684 3427
1472 1738
1222 1554
1036 1655
509 516
689 789
2761 3237
2554 2615
1283 1827
1238 1619
2290 2306
1303 1582
2314 2497
544 669
363 417
2097 2647
524 525
2059 2404
523 561
1957 2025
413 460
1813 1826
1918 2331
2161 2282
2674 2991
1009 1423
1148 1459
2074 2590
686 748
2284 2364
1214 1471
1056 1323
1402 1622
1542 1662
2213 2275
107 1249
2948 3184
1271 1480
544 556
993 1447
1146 1539
2229 2438
3194 3209
2319 2355
1957 2626
619 633
1912 2416
2081 2134
1533 1802
3924 3947
1043 1111
2833 3079
1612 1810
1156 1399
1975 2049
1964 2038
1577 1718
1352 1614
3152 3332
444 507
366 1237
2796 2853
2323 2484
3096 3149
2103 2323
1524 1800
2073 2468
158 315
1539 1835
3611 3851
1513 1622
1095 1210
993 1864
1553 1615
2038 2138
2919 2988
1019 1192
1684 2928
2049 2158
3591 3833
1925 2423
2875 3005
3725 3917
2955 3253
75 272
2937 3298
118 331
2944 3023
3719 3895
467 572
3136 3341
2118 2376
1443 1831
3633 3654
1211 1589
3527 3528
1561 1678
916 1791
3327 3366
3459 3763
1737 1879
1036 1104
1513 1730
2071 2567
2901 3299
1941 2099
2054 2117
2928 3054
1953 2363
2404 2601
1078 1861
1175 1804
1804 1842
1518 1774
84 236
2257 2446
2059 2324
395 591
1963 2253
2395 2462
2292 2347
2142 2539
2694 3384
2645 2647
1772 1861
2002 2029
2138 2377
385 524
2077 2299
1920 2148
2912 3226
1128 1211
1399 1768
2786 2993
2367 2594
2131 2430
2231 2236
2942 3233
2253 2309
1017 1153
1402 1483
2055 2590
2216 2408
1009 1015
1620 1646
1944 2182
1316 1583
461 465
2141 2362
1302 1471
2183 2609
1207 1480
3272 3422
1067 1462
1285 1456
3426 3430
1941 2229
2712 3434
3457 3938
2908 2911
1175 1741
1971 2140
2217 2448
1267 1712
2302 2581
763 797
2250 2555
380 457
3918 3923
3108 3149
1584 1753
3749 3923
1390 1619
2020 2556
1508 1893
2276 2329
2218 2408
2395 2520
1947 2419
1365 1559
3041 3360
1684 2755
2091 2197
1416 1620
2104 2495
2800 2862
991 1846
107 1711
402 493
1718 2196
1330 1804
1622 1888
1272 1833
762 799
2074 2172
2683 3426
1948 2143
1943 1997
3636 3907
1097 1787
804 861
3980 4011
1958 2097
1166 1661
380 389
946 1867
1376 1390
3587 3783
2768 3097
2682 3366
1020 1277
3501 3633
2010 2289
1328 1494
1373 1503
995 1330
1472 1496
2832 3335
3307 3374
2719 2796
2247 2511
391 412
997 1330
1793 1839
1222 1245
7 129
967 1112
1554 1662
3495 3978
2132 2629
2181 2497
2315 2332
1682 1893
1652 1879
3009 3109
1923 2581
2347 2561
2573 2631
2491 2594
1684 3053
1985 2592
3103 3371
482 525
1939 2582
2266 2308
2996 3431
1569 1630
1130 1370
1128 1377
2081 2144
132 317
2925 3228
1943 2354
2201 2352
2336 2351
368 559
3611 3731
2073 2210
1293 1730
3824 3938
489 519
1032 1828
366 1408
1979 2404
3169 3385
2093 2307
2912 3078
1214 1879
583 615
2074 2460
1026 1613
1938 2561
1997 2574
199 222
1320 1349
412 431
947 1622
1360 1511
3035 3280
2020 2046
1929 1983
2188 2200
1351 1827
898 1848
3182 3350
2863 3050
107 1283
1391 1457
934 1491
1204 1298
1794 1894
2179 2601
136 2054
107 1530
1126 1467
1791 1835
1238 1714
2043 2118
1243 1483
1946 2323
3705 3818
2118 2354
1138 1218
1509 1589
2676 2689
1938 2220
3525 3683
2757 3387
1954 2475
2786 3238
2140 2604
3564 3690
1918 2213
2238 2562
933 1103
0 315
2434 2512
3683 3877
2172 2464
1339 1589
2407 2464
107 1222
67 200
1341 1559
2501 2524
1926 2026
1029 1843
2670 2972
3706 3870
1944 2176
2120 2628
1633 1686
2122 2275
960 1619
414 617
1471 1538
1684 2728
1528 1724
1684 3109
727 805
2500 2549
2031 2038
1352 1823
2992 3330
1926 2510
2155 2641
1107 1833
2253 2638
2880 2909
1250 1724
1408 1602
3077 3415
1107 1153
981 1462
1074 1199
1143 1418
2354 2602
953 1431
2005 2369
1102 1475
3675 3759
3090 3104
1589 1772
2224 2280
2139 2613
460 543
2266 2576
3450 3790
2348 2615
1399 1491
3291 3332
2425 2498
1917 1985
3694 3867
2828 2901
925 1334
2030 2409
644 664
389 424
2104 2428
916 1800
3985 4004
686 744
374 456
2057 2149
2784 3179
1966 2326
1675 1843
587 645
2058 2607
1978 2047
2777 3232
439 458
941 1783
2037 2500
3184 3213
1990 2152
1032 1099
1912 2010
3086 3285
1554 1663
2719 2973
2074 2369
2338 2649
2028 2461
819 827
3782 3866
3332 3353
2059 2276
483 1142
2716 3267
0 264
637 1692
2890 3084
1359 1835
2040 2271
2916 2928
2940 3078
2184 2326
239 272
2680 3056
2906 3104
2454 2478
2074 2601
3549 3585
538 561
1075 1597
2602 2606
1977 2256
1684 2804
1021 1459
2104 2539
1146 1741
1166 1503
2669 3362
107 1611
1185 1721
1973 2660
2392 2574
927 1831
2782 2943
2797 2845
1576 1691
2743 3073
1359 1730
948 1487
3089 3355
1563 1839
1428 1624
1684 3275
932 1302
3983 4017
1632 1746
2176 2543
1132 1707
1960 2342
1391 1888
4023 4034
1682 1716
2543 2599
2896 3426
1912 1953
1600 1683
2032 2516
3596 3889
1590 1768
966 1416
1714 1750
395 456
2835 3348
1718 2068
1983 2078
1149 1589
2316 2597
457 509
2071 2137
966 1305
2092 2383
1979 2278
687 730
2417 2608
2059 2077
1107 1149
1948 2283
1557 1736
444 449
1329 1804
2729 2994
402 567
2359 2539
1817 1863
1918 2404
199 231
2001 2447
896 1873
1955 2510
2059 2179
2059 2495
3838 3902
1280 1551
2339 2347
1732 1783
2134 2384
1662 1835
3522 3779
187 254
2030 2261
2007 2601
599 647
2199 2336
2315 2347
1240 1693
1214 1652
1500 1504
3535 3927
2290 2600
2142 2336
483 1358
942 969
1329 1608
2833 2936
1032 1893
1577 2215
1943 2386
2793 3169
3330 3434
1267 1336
3103 3285
1104 1682
1913 2413
903 1568
373 546
3456 3797
2786 2943
1048 1782
2218 2352
2753 3082
2194 2325
3496 3677
2676 2925
1086 1351
1257 1322
2090 2352
1918 2142
2331 2495
1209 1867
770 783
1628 1903
444 503
3132 3297
3020 3201
1687 1705
1082 1647
2206 2428
2020 2058
2031 2047
3096 3284
1235 1682
1092 1886
387 444
2218 2363
2399 2512
2485 2578
2844 3087
3521 3876
107 1785
1594 1851
1955 2169
1302 1750
921 1730
2910 2969
1216 1232
1467 1750
2123 2520
1082 1345
1946 2485
3035 3344
2761 2966
1912 2261
1985 2520
921 1049
1591 1680
1132 1330
2109 2593
1235 1591
1217 1536
348 475
3437 3741
2376 2536
1041 1131
2377 2537
2201 2630
979 1138
3157 3342
2038 2512
724 821
2027 2365
2240 2381
1172 1809
2394 2432
1645 1763
2268 2285
128 213
3140 3360
2278 2404
484 1645
2144 2194
2121 2542
2148 2153
2169 2491
1312 1765
450 548
1148 1404
1059 1643
1452 1468
2734 3027
1844 1897
458 507
1912 2194
2190 2340
1373 1596
2966 3040
924 1536
686 781
2428 2526
2047 2419
938 992
2002 2304
2058 2564
2912 2913
1199 1835
1158 1872
3633 3948
2282 2594
2072 2223
1684 3050
226 326
966 1707
1960 2129
1078 1730
2054 2332
484 1813
2589 2616
2904 3298
741 747
1931 1957
2127 2268
957 1148
5 213
2539 2554
920 1376
2970 3297
3278 3361
1344 1557
546 557
1718 2071
355 497
1619 1663
3032 3256
1211 1823
2347 2526
3442 3802
2054 2250
1182 1522
1784 1787
2184 2556
1971 2124
3559 3831
914 1897
2190 2646
3137 3387
1308 1785
107 1223
1622 1662
1268 1814
1014 1381
2103 2468
1219 1842
1684 3019
2757 2866
3210 3346
2148 2264
150 171
2609 2629
2447 2459
1377 1827
2117 2205
2112 2179
686 849
3495 3596
3064 3149
2906 3226
1291 1377
1184 1344
2923 3296
957 1381
3406 3434
1684 3058
1409 1447
2386 2492
348 471
3026 3238
716 797
1582 1728
1024 1287
2340 2561
2030 2464
1156 1833
1955 2264
2376 2602
2958 3011
172 271
1435 1540
2889 3314
3803 3869
2102 2215
1467 1623
1963 2093
2072 2398
1309 1871
2031 2149
3643 3976
1662 1668
2093 2381
2194 2438
2706 2948
2108 2324
2866 2867
2796 3422
2131 2140
1504 1624
858 870
1329 1662
2142 2386
718 814
3058 3360
1324 1396
1366 1504
905 1536
1939 2384
2775 3062
954 1235
2194 2247
1058 1077
1613 1663
9 72
1716 1871
3120 3154
3019 3176
1397 1844
1211 1471
2716 3320
3062 3343
2090 2184
2370 2492
1174 1494
993 1757
1180 1685
969 1014
1274 1511
2334 2386
2688 2903
2509 2652
1243 1714
2290 2590
1940 2052
1938 2090
2839 2862
1070 1429
1160 1669
2032 2279
3621 3721
1932 2153
2153 2472
934 1608
2069 2078
944 977
915 1881
1295 1785
2593 2607
993 1598
1941 2578
107 990
1496 1545
107 1384
213 324
2661 2863
483 936
1420 1683
1591 1727
1623 1879
1135 1389
2060 2229
2742 3277
1535 1804
921 1377
1380 1714
1047 1891
373 417
2278 2604
2347 2384
1146 1653
1922 2120
3150 3152
1344 1804
2250 2302
2140 2607
471 524
516 554
2750 3040
2368 2509
963 1378
9 277
2053 2226
1597 1799
1361 1842
1523 1621
1966 2581
3053 3105
1604 1809
3049 3291
1345 1426
2005 2213
524 559
2012 2171
1118 1319
2135 2509
3470 3553
968 1818
902 981
2988 3026
2108 2369
1684 2725
1061 1494
1377 1768
1912 1989
947 1835
1709 1876
7 339
1185 1804
542 561
1126 1842
567 3961
1112 1344
2267 2537
2047 2289
1839 1909
760 828
2061 2538
431 500
2404 2563
2040 2220
1735 1768
2026 2319
1025 1332
1028 1800
2773 2993
2773 2916
3517 3633
2352 2395
771 789
2220 2392
1181 1185
402 506
2206 2624
1092 1669
579 622
1170 1495
1565 1740
2136 2638
456 524
433 563
2546 2579
2299 2625
1390 1689
2259 2468
2007 2019
1589 1685
3460 3464
3330 3344
1214 1804
1130 1175
1618 1717
1684 2999
2006 2658
651 1679
2730 2737
2559 2602
773 815
947 1639
2124 2414
1282 1871
2108 2484
2351 2384
1160 1826
1165 1718
1128 1539
1006 1336
456 495
1289 1888
2326 2619
1219 1736
1959 2235
2220 2526
2115 2507
1229 1635
1624 1667
2275 2395
1026 1334
2828 3377
1912 2148
2122 2323
3891 3916
966 1757
3116 3344
1174 1433
1211 1662
1529 1807
3501 3968
3599 3710
1074 1554
946 1617
3830 3860
2724 3018
506 508
2763 2927
2172 2482
2237 2370
418 504
21 232
2800 2867
1912 2105
3224 3260
2984 3263
107 1338
1291 1800
2753 2869
2117 2194
2664 3184
2370 2395
3168 3366
2244 2308
2109 2206
1192 1459
348 528
1431 1608
1554 1793
2188 2409
3267 3320
2030 2376
2010 2176
2104 2356
3116 3258
3448 3800
2246 2512
2472 2599
2679 2756
107 1691
1231 1680
3481 3516
734 849
1990 2314
2877 2909
1207 1409
1332 1870
1017 1622
2314 2403
2154 2244
1199 1280
2302 2330
907 1155
172 304
3101 3145
2065 2530
688 821
3684 3734
2307 2575
2087 2293
2780 3335
3146 3267
180 194
1274 1307
3877 3886
3538 3743
1376 1879
1211 1305
2217 2313
1983 2213
1344 1390
3870 3951
1132 1198
2108 2386
1371 1568
824 835
2220 2278
107 1380
896 1417
3194 3397
2124 2504
2087 2268
2183 2199
1190 1192
1287 1800
2862 3286
3609 3750
2719 3204
1350 1628
1079 1653
1222 1437
2063 2233
800 814
85 258
916 1329
2108 2299
1427 1801
2077 2464
2363 2593
2073 2500
2160 2455
3596 3930
2509 2511
1086 1517
2590 2601
2709 3015
1345 1857
2356 2573
2123 2460
517 1692
1339 1768
2415 2501
2104 2563
2049 2411
705 831
2424 2644
916 1571
1479 1628
1917 2090
1360 1553
2184 2460
2415 2479
2342 2371
1584 1839
1277 1680
3219 3404
1991 2022
1309 1742
2754 2944
430 537
2077 2266
3601 3866
2945 3433
1661 1848
371 542
2909 3348
2780 3307
186 213
1425 1773
3226 3433
2667 2711
2092 2526
995 1084
107 1017
2586 2602
1199 1390
1160 1620
3847 3916
925 1126
1396 1661
483 1427
2112 2410
1943 2561
2851 3114
1052 1525
1941 2561
2164 2563
1958 2626
506 545
2020 2172
2088 2564
658 659
2054 2222
2690 3196
705 828
1684 3141
2045 2056
3747 3809
1962 2404
3188 3277
948 1526
925 1597
2224 2471
1912 2252
1067 1628
703 747
1174 1705
946 1004
1995 2639
1269 1816
1109 1624
1963 2275
1970 2344
381 424
2827 2917
773 781
1993 2395
2117 2544
1963 2460
2187 2512
3506 3623
2691 2792
1577 2608
949 1052
1067 1871
1431 1480
2309 2492
2073 2212
1334 1377
1365 1530
9 297
1918 2299
171 2885
1409 1444
3437 3808
1128 1610
2020 2495
1175 1663
3633 3842
1612 1782
455 529
3491 3797
2719 3145
1509 1675
1723 1791
107 1586
2169 2183
44 343
2090 2308
1371 1733
1947 2068
1559 1761
1912 2490
1396 1732
2121 2586
1816 1867
3090 3158
461 553
1047 1352
2074 2307
1086 1375
2299 2423
2329 2546
2931 3384
526 561
1158 1715
2108 2551
1985 2069
2351 2597
2697 3288
2183 2319
348 529
1067 1859
1107 1796
2334 2354
2276 2309
2409 2495
1017 1683
1959 2592
1078 1420
1914 2116
1621 1685
2088 2631
1478 1829
3112 3172
1166 1515
1006 1717
2133 2246
1377 1609
2334 2551
1914 2659
3100 3233
2210 2385
1946 2468
2082 2228
1416 1888
2007 2254
1672 1855
1024 1789
1174 1803
2324 2334
978 1484
2965 3005
2730 3255
1983 2376
2047 2508
946 1741
950 1136
2117 2637
3551 3925
2694 2862
1993 2484
2532 2625
3981 4019
0 332
2491 2616
3440 3805
1173 1580
1964 2651
58 171
1277 1596
2174 2617
495 544
1431 1488
1009 1635
2404 2550
2839 3220
1158 1322
3087 3187
3562 3594
420 432
1519 1535
497 542
1271 1868
2677 3302
1827 1833
2320 2515
1192 1720
2450 2548
3243 3433
2935 3274
414 609
2229 2395
1329 1617
2501 2509
713 845
1946 2433
1048 1450
1953 2624
2078 2549
2115 2340
2460 2478
1214 1377
1400 1487
2244 2607
1662 1683
1945 2199
1613 1772
573 589
966 1827
1086 1123
29 231
3152 3296
0 302
2131 2407
566 1435
3301 3387
1325 1567
2380 2448
1099 1893
2867 2917
978 1272
2236 2342
1056 1329
2289 2448
2133 2267
916 1623
966 1107
3553 3722
1917 2098
1421 1687
2261 2484
2157 2171
1577 2649
3648 3816
2353 2625
2063 2551
1431 1827
2229 2504
2996 3275
1113 1882
3633 3889
1355 1536
2578 2590
1198 1827
3501 3841
3725 3892
2863 3267
2171 2627
2936 3272
1255 1377
2235 2294
119 185
1619 1722
348 1025
1018 1282
2072 2417
741 770
1184 1488
1945 2344
2920 3184
1946 2386
1128 1522
2088 2244
3237 3315
348 558
1916 2273
2088 2131
2055 2240
2724 3011
1163 1789
2123 2276
2179 2464
1980 2171
1404 1636
2237 2646
2521 2532
1912 2101
188 290
2190 2536
2920 2928
1082 1857
2475 2555
942 1066
422 545
1198 1804
2960 3104
2108 2550
1405 1590
1922 2126
2992 3277
1994 2629
1179 1512
1584 1665
1255 1584
2037 2240
2629 2649
1998 2538
3211 3431
2686 3115
1389 1669
1078 1804
2787 3211
1923 2289
1577 2343
2713 2729
1101 1898
1645 1679
2874 2977
2242 2298
136 2364
1639 1746
1054 1737
2073 2154
1684 3256
1684 2770
2827 3090
2716 2793
1048 1195
917 1871
1603 1888
2118 2309
2131 2381
1916 2328
2768 3274
2336 2509
1465 2223
925 1909
2003 2344
2200 2220
1006 1289
1376 1547
1083 1471
1310 1366
1522 1750
1214 1669
1684 3000
947 1867
1129 1298
3507 3511
2694 2943
925 1836
940 1221
2009 2018
1455 1545
606 1574
2194 2491
2089 2397
2958 3076
2224 2635
2266 2324
2661 3344
3116 3381
1163 1331
2028 2032
413 535
3116 3169
1221 1322
2139 2290
1086 1172
2139 2578
947 978
500 604
1471 1561
2247 2389
1471 1643
2108 2542
1335 1610
2055 2414
2464 2606
1684 3234
563 566
1948 2420
2410 2430
1086 1358
2199 2479
462 525
2832 3050
1684 2933
1056 1483
2564 2615
2438 2617
1039 1107
2142 2485
1304 1536
941 945
1912 2302
107 1802
2396 2432
916 1207
3464 3777
2423 2559
1938 2257
2695 2943
1182 1714
2887 3114
1352 1902
1684 2864
3826 3890
723 824
2742 3148
9 200
1608 1772
925 1211
1948 2224
1378 1648
1943 2309
1714 1810
1124 1501
2128 2463
1523 1827
2800 2906
2206 2543
1545 1778
2862 3014
2662 2951
1971 2489
2376 2630
2052 2294
2840 3118
3366 3412
2123 2559
1107 1447
2828 3113
897 1639
981 1459
2095 2369
1255 1590
1309 1894
1416 1491
2663 2978
2796 2849
1948 2135
1943 2233
1483 1714
1504 1876
1070 1496
3528 3681
2901 3140
997 1622
2059 2064
25 221
1175 1484
1211 1799
615 662
953 1391
1021 1573
2430 2553
932 1734
1172 1201
2020 2347
2148 2293
1130 1746
2773 3084
2031 2272
2977 3084
952 1750
3902 3926
2356 2604
2032 2338
1227 1231
2278 2564
2033 2077
2928 3390
809 827
3471 3485
3206 3397
2409 2604
1227 1857
2733 3152
171 2704
3132 3145
2662 3118
2042 2138
1122 1677
2026 2531
1020 1382
1267 1608
909 1889
3179 3296
394 511
2016 2022
2780 2923
2755 3324
3456 3750
2064 2485
2803 3211
2510 2511
2140 2619
2091 2448
1989 1993
353 363
3504 3723
1959 2315
1126 1619
916 1280
1380 1488
2762 3248
1684 3205
1048 1377
2853 3113
2009 2159
2551 2602
2096 2132
109 200
2703 3314
475 1300
2086 2593
1423 1636
954 1661
2110 2438
1192 1379
933 1215
1171 2826
1331 1589
1684 3038
1730 1816
1124 1804
2103 2311
2837 3231
1652 1877
3090 3257
2112 2578
1066 1495
641 1671
2063 2142
3624 3814
2229 2615
2742 3076
2742 2875
2404 2520
1376 1833
3508 3850
1951 2626
549 563
63 271
1622 1741
38 332
39 165
2866 3324
1935 2097
1153 1668
1086 1255
1986 2553
3097 3101
131 143
3022 3026
2408 2601
1431 1613
3055 3074
315 323
2292 2629
1939 2642
3145 3267
2482 2551
370 567
2020 2188
963 1548
2853 3116
2304 2355
2888 3231
1085 1410
2046 2118
1923 2603
376 1313
950 1410
2088 2543
1053 1183
66 334
2328 2512
2005 2045
1516 1662
1330 1584
980 1610
80 101
3464 3634
1049 1845
2059 2604
1217 1584
1223 1385
2492 2630
2422 2558
1925 2323
960 1809
1076 1516
2124 2521
2928 2946
1370 1668
1993 2607
1743 1829
1126 1675
3679 3939
2588 2642
2032 2081
1331 1598
2724 3186
2359 2506
2135 2199
2233 2539
2872 2906
1124 1813
2359 2526
3569 3705
2133 2138
1001 1179
1201 1214
2296 2379
107 1295
3339 3400
1963 2578
3011 3076
1993 2554
1117 1768
1912 2508
3456 3858
1942 2393
936 1740
2683 2786
2124 2468
489 555
1216 1378
2150 2409
1922 2341
2172 2374
2196 2215
1978 2314
2733 3079
902 1462
3633 3741
2729 3026
2705 2925
3296 3304
2319 2498
2349 2486
1504 1709
3822 3833
2087 2653
171 1486
2073 2213
1929 2359
2516 2649
389 1109
2395 2619
975 1292
2203 2597
3506 3951
3049 3113
2890 3142
107 1242
1153 1757
2289 2557
56 132
1082 1764
2005 2348
3079 3332
2800 3004
3016 3419
1984 2046
1125 1288
3148 3306
2047 2397
1993 2591
2287 2340
3474 3630
2047 2232
1132 1604
1076 1600
2306 2550
1419 1909
3004 3117
2755 3250
2196 2199
2560 2602
281 284
1610 1772
2134 2598
85 322
3500 3783
3697 3756
1334 1361
1577 2148
938 1880
3455 3498
79 188
1669 1827
483 535
2007 2537
3590 3944
1423 1715
2386 2655
2290 2619
1917 2624
2564 2624
2674 3330
1999 2627
158 291
1615 1708
1377 1391
1557 1584
2307 2460
2308 2356
1358 1882
2154 2593
2683 2862
2032 2254
1006 1879
2429 2430
3118 3263
2186 2296
1914 1991
2063 2521
1811 1861
107 1341
107 1405
249 315
997 1793
2430 2573
2823 3076
3209 3212
2357 2659
82 231
3601 3825
823 827
0 309
1341 1842
2960 3364
1663 1799
2002 2111
2482 2654
651 1357
1918 2124
1072 1904
2989 3335
1511 1806
389 509
3058 3212
2174 2471
1416 1800
2083 2559
815 856
2154 2237
1185 1471
3162 3359
2582 2598
2093 2261
1828 1848
107 1362
938 1747
2142 2429
2210 2551
1227 1591
1405 3162
1721 1724
2469 2623
2005 2602
1429 1661
2973 3051
2294 2333
2742 3239
2454 2545
2150 2604
2297 2337
1115 1322
1160 1736
1668 1683
2122 2233
2111 2325
2904 3306
199 265
2112 2184
1283 1384
1485 1659
107 1595
0 111
1123 1398
1439 1621
2119 2488
1376 1689
2694 3104
2763 2913
906 1367
798 855
2206 2574
98 265
2866 3090
896 1479
3077 3412
3452 3658
2690 2844
2057 2336
2339 2414
567 591
3193 3324
2394 2451
404 538
392 556
1309 1322
2244 2369
2773 3158
2220 2586
1037 1876
1066 1783
997 1902
2369 2654
2267 2555
2116 2202
3169 3280
1305 1805
2398 2491
107 1271
1464 1660
1994 2567
0 133
2468 2572
2247 2582
2073 2573
1984 2590
1665 1898
1571 1772
2669 2916
72 252
982 1207
2071 2254
3139 3426
2348 2624
2891 3052
3082 3140
1379 1682
2679 3084
1984 2290
1912 2631
3076 3185
3858 3913
1938 2046
2097 2447
1555 1678
997 1509
414 665
2283 2292
2222 2328
1175 1255
2074 2370
3982 3994
1954 2268
2047 2049
2900 3077
2184 2468
2074 2244
2180 2289
1966 2059
2004 2024
2339 2356
1983 2408
2093 2395
2500 2625
2414 2433
2072 2336
107 1775
2191 2292
2894 3116
2129 2656
366 524
2040 2299
2216 2381
1610 1868
1551 1610
1914 1973
2359 2469
917 992
1920 2187
582 599
2338 2420
1726 3179
1076 1849
3525 3540
1137 1371
2203 2343
3465 3476
1118 1493
2167 2281
2081 2390
978 1612
2122 2220
2266 2607
1390 1610
967 1265
3488 3830
1067 1716
3220 3363
2507 2625
1953 2356
2913 2993
1006 1124
2038 2187
2054 2617
1975 2158
1367 1730
1335 1707
2086 2625
1929 1938
934 1888
2086 2104
107 1315
393 501
1078 1888
1219 1377
2074 2607
2698 2974
1124 1665
1478 1910
1935 2657
1178 1461
1517 1845
1982 2092
107 1263
3086 3346
1345 1903
1390 1530
2749 3142
2127 2187
422 553
1137 1216
960 1447
3098 3119
3672 3702
3005 3027
2203 2250
469 540
3528 3790
606 1113
2465 2598
1054 1800
2121 2240
2117 2250
3342 3416
2007 2472
2823 3145
1623 1752
2143 2471
432 451
1377 1389
1130 1833
1032 1166
1104 1166
1551 1707
1665 1707
906 1572
483 930
277 323
3620 3648
2912 3324
2164 2559
1550 1691
1557 1737
2948 3234
3437 3941
2150 2347
1656 3263
2057 2445
1723 1746
1173 1409
1095 1487
1086 1605
3538 3595
203 325
2732 3181
2117 2525
2331 2602
1198 1736
906 1407
224 291
2218 2326
1470 1843
2881 3273
3552 3672
3462 3559
2332 2509
1684 2850
1255 1520
1423 1871
1060 1277
1339 1771
82 98
1015 1636
352 431
2032 2582
2078 2462
1359 1722
2951 3097
574 579
1917 2140
1271 1902
984 1204
1988 2466
1954 2472
484 1238
2130 2397
1984 2654
2004 2202
1668 1833
2446 2564
2000 2050
2020 2056
1378 1493
1107 1845
1920 2598
2213 2611
1044 1583
1108 1281
2374 2376
2052 2338
2913 3363
1512 1767
3677 3697
2728 3233
1987 2372
2033 2206
3609 3741
2327 2436
3606 3727
2059 2489
2724 3359
2573 2586
1548 1895
1059 1851
1075 1600
3046 3140
2032 2246
708 814
1917 2088
2943 3029
1614 1888
2295 2582
2347 2638
2870 3001
1623 1795
1828 1893
1942 2218
1184 1335
119 208
2275 2309
1122 1374
1570 1608
3087 3369
2083 2278
2757 2906
1447 1793
580 1155
2179 2278
2924 2988
2211 2366
1522 1584
2078 2369
2513 2622
2116 2378
3599 3666
2047 2534
1684 2751
2786 2912
1302 1714
3449 3877
978 1132
2758 3366
1419 3178
3097 3215
1423 1647
1320 1400
368 553
2809 3231
1997 2356
2045 2210
2881 3007
2055 2499
367 452
3201 3277
2699 2959
2223 2394
2132 2246
1985 2229
348 459
2232 2612
787 823
1548 1568
2331 2552
170 342
597 677
1048 1816
2664 2673
2200 2323
25 276
664 685
2127 2617
2067 2334
2190 2564
3064 3226
475 1179
2118 2551
1912 2197
3034 3360
1962 2299
1201 1388
2669 2680
2084 2631
1312 1819
2077 2624
4017 4026
275 306
2849 3146
2159 2659
1123 1341
359 405
2150 2307
3437 3898
1352 1735
1947 2328
2384 2472
1125 1207
1167 1481
1195 1846
3005 3057
2414 2478
2361 2371
2271 2363
2127 2151
1912 2461
948 1080
1483 1665
1813 1864
214 230
3260 3299
3033 3096
2102 2149
2069 2210
1739 1783
2713 3106
1920 2347
475 548
1733 1837
1940 2516
1663 1789
2319 2451
2410 2478
2927 3119
1153 1205
2757 2867
438 465
1227 1899
2062 2069
2404 2407
2839 3065
1663 1721
1280 1605
348 478
2279 2512
493 556
2661 3332
1964 2498
48 180
251 284
107 1888
1912 2119
2508 2555
2522 2567
2111 2327
1272 1669
2192 2620
2954 3248
2169 2498
3437 3913
1246 1469
1962 2045
1666 3278
2142 2189
1912 2059
2153 2196
2841 2946
1291 1334
2183 2344
2073 2244
1170 1303
436 542
2047 2196
2161 2451
1405 1851
348 430
474 481
2095 2433
2020 2306
1923 2416
2828 3035
2188 2353
1332 1901
92 249
2966 3098
1062 1630
1352 1572
2498 2509
2118 2593
2290 2381
2098 2340
2142 2478
1475 1716
363 492
107 1676
1683 1839
1827 1849
3021 3070
1693 1760
107 1859
925 1710
1335 1816
2052 2151
198 393
2716 2830
1924 2207
62 276
1649 1742
2201 2543
1462 1872
1612 1789
3980 4038
3558 3951
2872 2986
475 604
438 483
2086 2407
119 297
1192 1423
583 662
2188 2271
793 809
1941 2071
1078 1714
2111 2603
3581 3613
3095 3324
21 252
2237 2655
1483 1685
1446 1692
1912 2304
2409 2593
56 332
3072 3368
2005 2395
1352 1610
1307 1698
2781 2796
1912 2527
1117 1132
2281 2535
2973 3060
2661 3140
1125 1833
1247 1897
2034 2204
1557 1793
2674 3206
1589 1752
1608 1768
2071 2547
1199 1793
2546 2630
488 559
2112 2381
2049 2474
525 563
697 709
1454 1875
1126 1799
1310 1630
566 1844
1912 2133
1361 1813
1352 1860
40 304
1086 1416
2777 2786
3261 3350
2069 2521
2206 2334
3064 3142
1173 1605
107 1517
25 176
916 1230
1460 1509
1736 1864
438 500
2042 2047
639 678
3701 3957
3437 3832
2030 2553
2741 3238
2104 2469
975 1129
2002 2132
2149 2533
2363 2624
2140 2468
2068 2180
983 1380
665 675
2499 2591
2916 3064
1234 1829
1021 1587
227 278
2117 2472
2317 2540
2033 2290
2290 2407
1382 1661
1227 1812
946 1480
2188 2356
2030 2077
1516 1603
1143 1231
1420 1422
1041 1139
2045 2340
1423 1515
3100 3366
1917 2482
2711 2942
1932 2183
2084 2142
3602 3738
2379 2612
2047 2641
925 1375
376 513
4001 4029
3120 3381
1966 2045
2484 2549
1684 3218
3534 3829
1199 1352
3010 3090
1938 2489
1959 2071
1578 1635
2754 3324
3209 3260
1290 1753
1702 1863
3710 3753
2608 2649
423 492
2306 2604
1986 2045
2673 2919
3497 3852
2426 2486
1985 2602
3437 3945
1274 1567
773 842
1120 1682
3624 3679
3473 3892
1196 1735
2265 2291
2870 3275
3674 3851
2037 2060
705 747
2117 2609
3034 3217
119 125
2115 2218
1107 1375
2873 3387
2232 2455
2931 3029
2848 3306
2365 2538
1530 1610
1714 1796
3848 3918
2134 2417
1107 1791
921 1520
1945 2643
107 1133
3051 3113
2035 2089
1078 1291
3437 3602
1124 1341
2839 2908
514 527
0 91
2153 2254
2511 2516
1291 1668
419 525
2855 3280
2781 3169
2586 2631
3213 3394
1267 1590
374 444
2030 2395
2755 3226
2233 2489
1079 1827
2047 2199
1376 1559
2253 2526
3529 3947
3672 3785
1993 2020
3136 3256
2233 2353
1195 1637
2944 3026
2694 3064
488 517
2010 2183
2077 2216
1221 1783
3346 3415
2020 2546
2391 2576
1707 1809
461 683
3859 3870
1322 1592
2266 2573
1946 2460
1623 1737
1509 1520
1108 1582
1516 1888
395 495
107 1106
1467 1886
2056 2615
2078 2354
2045 2550
2074 2381
2853 3344
2894 3331
423 559
1156 1488
1918 1946
2447 2639
3495 3842
1997 2602
2028 2471
728 805
1972 2636
784 794
1258 1435
2264 2537
2179 2300
2755 2920
1986 2468
1752 1861
3083 3128
2154 2340
1962 2602
2912 3363
1294 1844
1431 1730
1125 1800
1398 1668
2336 2567
1355 1366
3483 3782
252 322
2919 2920
3447 3682
1388 1772
2408 2602
2095 2339
1912 2339
618 631
1238 1409
366 1155
414 594
88 322
3142 3426
2294 2491
2924 3433
1409 1621
2183 2643
1979 2326
2399 2461
2988 3036
1231 1462
716 770
708 753
79 119
1017 1336
2542 2624
402 500
2874 2924
3082 3350
2047 2183
404 483
1004 1390
2127 2330
2428 2477
1918 2104
1978 2503
1428 1472
1986 1989
3629 3666
2758 2780
3274 3353
2289 2367
73 126
136 156
1612 1800
2111 2332
966 1809
2449 2478
1184 1799
1684 2997
1322 1636
1004 1816
2943 3293
2302 2377
1957 2159
2943 3363
1277 1583
2189 2336
2042 2315
3295 3366
420 484
1003 1352
966 1813
1079 1688
695 784
1604 1669
1085 1088
2701 3320
2317 2361
952 1267
1309 1732
902 1899
3024 3328
1390 1621
1153 1559
2959 2972
969 1794
2331 2410
2791 2812
3507 3927
520 561
1287 1833
1351 1902
2331 2586
2299 2374
1166 1725
2287 2326
2793 3350
1290 1867
2033 2578
423 645
414 579
2187 2368
1024 1898
1523 1867
2294 2629
1184 1600
1984 2602
107 1451
2033 2623
119 239
1610 1723
2731 3025
1718 2547
1554 1750
2196 2511
1730 1864
3696 3967
2342 2397
1373 1820
1302 1617
1699 1794
3173 3418
3455 3715
2088 2290
1229 1277
1137 1798
978 1435
2275 2564
1377 1816
2674 2869
93 137
1082 1235
1175 1675
1516 1768
1367 1823
3082 3280
3475 3948
2921 3075
2705 3085
2398 2496
2212 2418
2164 2575
2966 3195
1047 1124
1153 1886
2124 2410
3456 3873
1596 1884
1571 1849
2956 2960
415 545
2386 2484
2001 2022
2240 2573
2913 3047
107 1226
348 385
3035 3316
1106 1591
3104 3363
1718 2325
1014 1245
3460 3602
1604 1813
2193 2316
1953 2409
2229 2563
1273 1871
3437 3826
2098 2229
2436 2544
2469 2638
107 1800
951 1274
1047 1323
2793 3347
127 320
3593 3768
2088 2150
1146 1796
2054 2463
1067 1204
2150 2586
1014 1099
3437 3719
2732 3372
946 1619
598 677
2369 2504
2743 3029
45 221
2030 2334
3198 3434
964 1725
2199 2543
1199 1530
1948 2148
2102 2612
2866 3040
1149 1352
2206 2220
2333 2458
1355 1525
2201 2216
3320 3344
107 1740
1912 2048
1271 1483
1287 1886
921 1613
416 430
2399 2616
2315 2571
814 853
3647 3716
1059 1191
2177 2282
1125 1849
896 1282
1143 1556
1471 1735
2098 2323
2730 3346
3201 3206
203 271
2290 2559
1376 1516
1075 1123
1281 1396
2428 2430
2062 2081
1289 1577
2099 2510
1491 1557
739 840
2198 2471
2683 2943
1341 1816
2782 3054
1070 1828
2916 3304
2139 2625
3090 3392
2875 3060
1943 2212
1684 3294
1359 1605
2033 2266
2715 3050
3500 3641
2276 2386
2502 2543
2598 2617
3564 3825
2624 2625
2463 2525
2716 3034
2240 2521
1505 2883
1028 1867
2771 2893
1554 1623
1090 1304
2709 3138
1374 1673
2708 3051
2164 2591
1684 3168
3232 3400
1912 2189
1238 1712
764 817
461 497
414 648
1628 1715
2294 2377
456 520
2067 2584
686 835
1334 1734
3488 3545
3234 3362
2489 2607
1255 1390
1663 1718
3830 3842
3241 3371
1009 1592
200 248
3362 3426
2199 2280
2332 2463
1281 1495
2010 2187
2661 3169
408 524
1039 1736
3288 3411
930 1080
2088 2418
1925 2348
1330 1535
2867 3022
1339 1757
2786 2919
2290 2579
2008 2152
1993 2630
1457 1898
3488 3640
2033 2188
2689 3073
1554 1800
2042 2196
1643 1835
2748 3350
511 559
3060 3152
2800 3400
1290 1339
1941 2131
2105 2236
107 1487
2510 2512
1167 1310
1427 1487
3005 3060
2176 2498
2764 3361
2840 2992
3437 3643
2348 2654
1405 1684
1205 1331
2348 2579
2149 2268
947 1823
1032 1871
2713 3082
1449 1485
1423 1899
2112 2655
2271 2323
1717 1826
3810 3947
2078 2520
1684 2851
2127 2436
1159 1807
1078 1126
1307 1325
1941 2381
1284 1573
2418 2654
1964 2162
2066 2211
3219 3337
1965 2325
2730 2947
2032 2511
1941 2068
741 820
3268 3407
1530 1584
460 473
3050 3171
1964 2517
1920 2643
203 308
1221 1709
2970 3247
2136 2446
1520 1888
1074 1845
2694 2827
921 1589
2853 3201
2743 2945
3573 3877
2127 2400
2331 2423
2901 2996
2068 2367
107 1851
1954 2273
3288 3350
1337 1860
2757 2960
2062 2137
3123 3400
2717 3098
1006 1376
1927 2022
1230 1736
687 780
3438 3784
1570 1888
2093 2446
1630 1807
1982 2327
538 1122
2069 2354
2698 3339
1245 1683
2086 2172
1153 1669
2259 2445
2384 2537
1003 1750
2356 2460
56 290
2028 2134
370 412
3842 3886
2068 2372
1230 1391
2500 2564
212 304
2905 3047
2210 2578
2839 3135
107 922
2407 2590
2098 2615
2128 2153
2007 2187
3002 3154
2506 2560
1211 1816
1132 1398
3299 3406
927 1185
1079 1524
1986 2154
3536 3682
2309 2428
2208 2385
7 87
2757 2940
1419 3034
2212 2329
3118 3160
3041 3299
20 214
2220 2352
3437 3892
1929 2574
412 669
2304 2598
