1380 1390
121 280
422 654
1411 1891
2897 2909
2279 2445
277 342
994 1435
2183 2289
1456 1839
180 249
415 428
2679 2880
3480 3677
497 560
21 136
2346 2378
107 1757
1557 1589
2151 2351
1921 2633
2165 2233
2294 2471
2045 2340
3437 3860
1988 2426
1561 1626
2850 2969
2000 2639
3021 3206
1529 1828
107 897
2377 2463
3000 3073
3643 3648
3265 3419
1473 1762
2783 3353
2030 2409
1110 1191
1387 1549
1242 1833
1177 1436
2846 3209
2149 2617
2877 2919
2410 2573
2052 2246
1944 2029
1255 1416
2951 3391
348 491
1966 2600
2684 3434
1420 1563
544 545
1718 2588
352 517
1946 2276
3082 3299
2127 2343
1998 2016
2495 2542
2040 2467
3830 3943
919 1020
3578 3804
475 506
2927 2956
2224 2461
515 545
1509 1791
3082 3169
1663 1669
3046 3089
3437 3879
2128 2642
1912 2000
703 747
2698 3026
1932 2609
1075 1222
1041 1121
620 678
2206 2559
939 1910
1684 3191
3116 3247
2365 2647
1931 2009
1210 1766
2153 2347
1269 1559
2694 3085
431 563
3145 3297
3021 3296
2123 2266
1820 1848
2564 2600
437 462
280 290
2289 2333
1488 1832
1793 1864
2127 2279
198 364
2104 2586
994 1021
1341 1632
2005 2142
1569 1650
2003 2511
2095 2237
2679 3135
1972 2659
4002 4027
3458 3643
56 323
2664 3362
2384 2510
2218 2278
1958 2620
3446 3585
3274 3360
2300 2485
3486 3909
3051 3172
2419 2649
1083 1185
1359 1402
2738 2896
2875 3313
2369 2624
2201 2485
466 504
2126 2440
2546 2560
1943 2064
2058 2154
1204 1423
1255 1305
2037 2121
1984 2573
561 565
3503 3838
2126 2197
2020 2464
170 277
389 1296
2090 2482
1404 1583
2032 2151
1079 1128
26 72
1249 1703
2188 2331
1036 1596
2115 2359
1577 2239
1380 1800
2338 2372
1714 1722
2115 2172
586 587
1107 1132
2946 3085
2189 2384
1182 1329
2786 3435
993 1557
1457 1746
1275 1310
1997 2356
3532 3777
2145 2236
2073 2123
2180 2327
957 1479
2464 2552
2116 2642
1604 1714
2824 3091
107 959
980 1845
2108 2526
2024 2660
713 815
1107 1302
107 1446
1986 2188
1622 1662
2090 2369
1918 2165
2020 2257
107 1389
1285 1809
1938 2478
2732 2930
3643 3895
1600 1714
2271 2561
2461 2537
2753 3051
1211 1409
1359 1361
0 238
1467 1509
1663 1886
3819 3874
2620 2633
2087 2289
2033 2564
2370 2601
2172 2374
2109 2112
2588 2653
3711 3718
978 1047
1029 1813
1939 2054
2218 2237
1551 1700
1983 2579
3749 3923
1614 1621
3643 3903
3437 3934
2324 2624
2418 2646
3440 3684
728 807
1107 1845
2102 2125
2206 2500
1117 1811
1330 1722
2746 3054
2912 2913
713 800
2950 3107
1158 1872
1078 1669
765 856
1684 3110
1135 1688
67 212
1059 1752
2206 2352
2550 2564
1603 1619
1577 2302
2495 2574
376 1343
1467 1603
2078 2410
2928 3433
2061 2636
2021 2484
1491 1663
1941 2642
107 1150
109 119
2042 2052
475 525
1943 2560
26 56
2825 3256
3021 3182
1287 1827
362 558
3320 3386
1309 1720
1348 1469
2086 2212
917 1783
1280 1707
1925 2655
2165 2604
387 444
2974 3023
2682 2900
2039 2138
2187 2379
3019 3295
1986 2139
1729 1786
2331 2446
1078 1376
348 374
1714 1902
3606 3662
3448 3943
2064 2350
1146 1230
3132 3188
1199 1547
1538 1665
2394 2508
2190 2257
1255 1626
1985 2037
2253 2257
2754 3184
1571 1580
637 1645
2495 2654
748 793
1983 2309
353 1740
1122 1743
1994 2567
3506 3833
3201 3277
2045 2124
2327 2463
3027 3038
2829 3241
2188 2200
1962 2190
2054 2588
204 266
1467 1757
3488 3559
2059 2206
492 669
1291 1791
1370 1457
2410 2539
1431 1845
2921 2942
2840 3281
1946 2237
1458 1774
1684 2876
553 644
1113 1473
923 1505
2877 2994
3448 3475
1584 1712
2339 2556
2384 2491
1179 1300
2188 2586
3171 3208
3455 3713
1332 1645
1163 1447
1351 1662
1628 1635
896 1720
3482 3698
2757 3054
1547 1832
1459 1720
2937 3291
1932 2289
2072 2319
1222 1621
2057 2592
3519 3957
1175 1622
3886 3962
2956 3220
353 1514
1214 1736
3514 3674
1462 1691
1255 1902
2966 2987
1621 1643
2876 3214
2330 2417
2551 2554
1086 1879
1793 1800
3437 3454
212 232
2233 2564
1577 2250
1684 3267
2257 2370
3474 3761
2088 2122
1938 2121
728 824
363 517
3291 3337
3980 3984
1983 2206
1529 1783
2385 2629
1496 1504
1040 1768
2414 2467
2352 2395
2428 2559
980 1128
1083 1800
2407 2504
1068 1768
2083 2600
2149 2338
2324 2467
2171 2297
1652 1879
1363 1371
3029 3129
3052 3234
2139 2630
3167 3369
1187 1553
1804 1816
1644 1659
1059 1416
3721 3858
363 1400
2112 2290
957 1235
1985 2220
2232 2292
2290 2484
2153 2344
107 1075
113 261
367 455
580 1853
708 814
1241 1536
2174 2508
1867 1877
916 1287
972 1006
1126 1761
1951 2027
2794 3000
2724 2957
1490 1631
107 1334
2915 3363
3247 3297
651 1565
1393 1813
1684 3229
2189 2508
3066 3072
651 1512
993 1888
2112 2339
3046 3106
1993 2324
2708 3079
2064 2532
1621 1833
1004 1804
3981 4009
2727 2795
1742 1893
1985 2460
3478 3809
983 1341
1684 2906
1250 1644
3149 3163
1018 1871
1912 2073
1214 1626
397 504
3160 3397
2275 2619
2032 2133
1048 1341
2537 2652
75 85
1921 1973
1291 1420
916 1796
2683 2794
686 832
3024 3397
3019 3024
1236 1529
2691 2792
2115 2331
1192 1862
3051 3296
3135 3363
2098 2299
2312 2610
3034 3178
371 542
1997 2086
2408 2604
2586 2593
1203 1555
2058 2624
2090 2492
2446 2602
3665 3825
2464 2550
3437 3837
1204 1462
1984 2090
1312 1522
2844 2904
2711 3019
2419 2519
2107 2403
2326 2549
2191 2451
1052 1366
2121 2409
2232 2333
2507 2654
3542 3543
3172 3185
2744 2843
2716 2853
1426 1903
1379 1857
1544 1779
1994 2087
2340 2564
2394 2491
2410 2630
2924 2986
1935 2627
2083 2190
2206 2348
3455 3735
1231 1720
747 810
1583 1592
1361 1909
2149 2436
2033 2556
2410 2543
1912 2626
947 1782
2104 2139
2064 2408
0 200
577 681
1137 1629
807 819
3339 3387
1302 1613
2324 2655
1625 1766
1984 2560
2184 2507
575 664
1971 2093
2037 2619
3836 3837
1646 1885
1632 1689
1912 2112
2889 2959
2754 2986
982 1399
597 680
3437 3839
2141 2318
1918 1962
2255 2453
2244 2654
1335 1488
1257 1862
2678 2760
2897 2906
2073 2206
3736 3968
2716 3013
2718 3385
2290 2359
2298 2516
957 1583
2030 2108
440 508
686 723
1298 1459
1684 2910
1148 1655
3794 3947
525 542
2467 2564
85 156
544 566
1649 1706
3842 3886
1079 1431
992 1648
2761 3324
1488 1542
389 1109
1021 1862
94 187
2161 2479
955 1788
2093 2418
2408 2586
1393 1768
2420 2629
2719 3351
3618 3734
2446 2543
1305 1409
2228 2322
25 186
2203 2598
3120 3406
2394 2438
2063 2086
1912 2348
1126 1520
2011 2459
2392 2507
3506 3507
1130 1888
101 194
2676 2920
975 1596
2172 2492
2030 2326
3082 3132
2374 2446
492 651
3523 3883
185 200
3684 3926
804 856
2859 3075
181 273
2134 2567
3226 3284
1250 1736
2033 2615
2052 2543
2687 3046
724 784
2020 2428
2285 2567
705 849
3629 3862
1912 2649
606 1334
2329 2504
3252 3347
2787 3403
2521 2601
2905 3104
1135 1584
960 1207
962 1487
2199 2463
107 1718
1687 1803
1453 1575
2199 2598
1083 1199
2050 2647
107 1698
1269 1810
2943 3220
3170 3434
2925 3040
2111 2642
1542 1810
2140 2369
925 1132
2290 2560
421 457
1269 1522
2266 2370
1353 1357
2598 2617
380 505
1955 2491
2275 2482
2978 3392
1255 1516
3460 3761
1940 2127
3067 3079
3630 3738
3247 3416
1971 2088
2121 2331
1129 1475
1684 3412
1955 2653
1087 1505
1191 1359
2060 2506
1943 2369
2309 2619
768 839
1050 1779
1618 1718
3710 3907
2201 2573
1938 2469
3116 3261
2300 2549
359 455
718 720
1563 1774
2690 3342
2840 3060
1130 1398
1204 1298
2909 3426
3540 3968
1935 2538
107 1158
1873 1903
2927 2946
2074 2376
2233 2642
1487 1545
2328 2475
2311 2462
908 1077
3569 3591
3437 3516
1250 1557
1765 1810
2336 2379
107 977
2274 2568
1959 2039
1130 1799
1330 1622
1115 1628
2375 2548
2793 3335
1302 1900
348 528
1993 2037
1129 1550
3861 3954
3076 3225
2469 2575
2033 2546
1619 1757
1433 1687
1032 1235
592 598
1238 1517
2661 3021
1604 1730
2180 2547
526 561
3506 3690
2164 2306
3497 3926
1984 2655
1175 1288
921 1135
1918 2324
2124 2287
3129 3257
2172 2600
1714 1761
2904 3206
2329 2340
2604 2646
1055 1513
1078 1898
1982 2345
1926 2145
2323 2430
2949 3063
1230 1707
1555 1579
3175 3188
3459 3812
2090 2095
2925 3174
1621 1717
0 229
1014 1732
2340 2611
3532 3829
1125 1456
1226 1847
0 140
2199 2343
2674 3206
404 515
3330 3355
2803 2813
3555 3604
2730 3385
107 1832
1439 1621
2292 2347
3371 3410
1576 1728
1927 2097
3107 3379
1912 2498
3525 3677
3254 3280
2088 2240
3529 3869
2757 3364
2133 2185
2198 2336
541 563
1312 1879
1060 1227
2050 2494
1989 2045
578 650
1943 2462
2532 2553
1684 2716
1075 1528
2154 2638
3172 3258
3603 3672
3524 3602
590 623
2662 3027
127 346
366 1408
2267 2463
2948 3052
2290 2586
348 375
774 853
3469 3752
484 1223
2414 2573
2757 3104
2985 3301
1530 1589
197 281
3590 3599
2810 3158
2757 2960
2064 2078
2593 2646
1914 2494
592 630
1172 1205
1985 2215
3753 3802
3804 3926
2201 2331
2796 3049
1390 1604
2023 2317
897 1861
2285 2537
1006 1612
2936 3386
106 329
3437 3607
3574 3605
1009 1573
2868 3051
1643 1804
1555 1687
2121 2561
3572 3869
417 492
2078 2137
2149 2643
3132 3330
1118 1468
1221 1807
1074 1409
1318 1625
737 843
2032 2047
3007 3241
1274 1687
2905 3362
999 1125
3294 3315
2200 2352
1912 2352
2140 2428
2030 2118
3437 3978
1459 1592
366 559
2074 2275
2343 2458
2026 2128
2101 2344
2118 2615
1613 1620
3488 3672
107 1543
1942 2092
3491 3540
2386 2550
414 587
953 1842
1017 1653
3493 3900
107 1734
2078 2261
2064 2418
3017 3198
423 606
2759 3202
2220 2323
3049 3247
2796 2921
1684 3173
1912 2559
3132 3434
2763 3056
2095 2275
0 284
431 462
2370 2550
3154 3295
2030 2276
1099 1783
1947 2102
463 547
1061 1687
3449 3877
1431 1542
1684 3276
1628 1872
3518 3635
1392 1459
2807 3025
1160 1663
3437 3539
2139 2602
3994 4030
1006 1199
1416 1652
2077 2124
903 1601
1274 1325
2179 2300
3506 3951
968 1827
1330 1861
2075 2274
897 1160
2218 2352
2090 2104
2292 2436
1036 1715
389 1496
1986 2408
2109 2261
2970 3101
1944 2416
1199 1449
2944 3301
3256 3401
1361 1458
1277 1508
3737 3930
1675 1813
2396 2458
1940 2176
972 1256
3527 3557
2097 2284
2352 2554
2404 2495
2648 2660
2133 2138
901 1733
1066 1373
2392 2418
724 824
606 905
2131 2326
3577 3889
1129 1655
3790 3804
2082 2402
2809 3317
580 1677
2110 2396
526 1110
422 604
1171 2677
538 1677
930 976
1124 1663
2997 3081
2244 2546
2194 2394
465 503
1668 1768
1011 1072
2118 2290
2500 2520
2849 3347
3764 3767
2151 2436
1104 1192
1126 1488
1341 1437
204 213
2150 2184
1509 1608
2863 3124
2339 2370
1243 1659
1235 1635
2346 2538
3182 3258
3596 3860
816 833
141 172
2934 3246
2343 2463
1938 2339
1684 2893
1335 1833
2188 2492
2164 2624
3890 3927
2912 2956
916 1613
1715 1903
1376 1768
764 805
3042 3090
1364 1794
3111 3225
2328 2509
1280 1868
637 1766
2053 2224
2778 3265
989 1751
2229 2625
2078 2381
1298 1379
1226 1320
3079 3332
1912 2366
1155 1621
935 1781
2073 2339
1923 2419
1993 2184
3596 3640
1067 1279
1912 2205
1981 2592
1312 1369
2359 2646
2314 2397
1985 2212
1291 1491
1153 1370
1184 1391
1411 1540
400 409
1545 1762
993 1891
1302 1431
3545 3684
2112 2484
1125 1516
460 567
2319 2394
2492 2539
2851 3430
1028 1126
423 484
2232 2417
1041 1869
2916 3108
2103 2601
2220 2410
2218 2261
966 1793
3366 3412
3521 3962
2104 2307
2865 3061
2738 2978
2083 2142
2282 2283
350 543
3480 3651
2976 3017
984 1282
2956 3293
2347 2463
2138 2148
5 122
1958 2538
2218 2253
1947 2062
2706 2864
2088 2374
2103 2542
947 1768
2986 3022
21 39
2939 3434
3640 3884
1101 1399
2336 2398
1600 1632
1147 1894
1639 1663
3475 3485
354 500
3437 3884
969 1820
3182 3280
3470 3773
2078 2266
465 471
686 811
1329 1835
1971 2429
128 248
1160 1191
2093 2139
1040 1898
1507 1876
2206 2600
2140 2561
373 421
2189 2472
1533 1798
2002 2510
1963 2460
3089 3299
1966 2059
1997 2206
2978 3090
2024 2159
1364 1540
105 148
2843 3187
1275 1906
403 510
1280 1809
2939 3148
2515 2545
3437 3488
3426 3430
2331 2506
1813 1845
755 781
1684 2999
2108 2624
360 520
2763 3315
1718 2247
258 272
2789 3137
1918 2549
3642 3730
592 685
2117 2609
949 1770
1671 1878
1650 1830
98 285
2011 2657
2229 2299
1577 2153
302 330
1912 1934
2240 2276
2124 2520
747 848
587 645
1126 1736
2742 3209
950 1445
3437 3550
1280 1804
1962 2430
1040 1271
1057 1607
3486 3593
2438 2458
2074 2278
1277 1715
3609 3797
1361 1736
1665 1804
2142 2190
3403 3422
1086 1101
461 553
353 446
2840 3082
2872 3293
1021 1859
2240 2543
2174 2612
2005 2586
967 1685
2042 2224
2560 2567
2062 2183
0 340
2762 3221
2785 3046
2784 3219
1389 1811
2233 2531
2128 2333
3456 3495
1614 1730
2347 2506
1378 1548
1912 2115
2308 2564
1012 1692
906 1375
1026 1669
1554 1746
1136 1676
2020 2550
1331 1509
2045 2276
2255 2466
2044 2266
1335 1662
2103 2526
376 645
949 1541
1589 1795
394 556
2087 2347
1923 2641
526 1407
2184 2190
3462 3604
952 1149
2417 2571
2778 3274
1515 1794
2778 2869
983 1271
896 1044
2276 2309
980 1126
1216 1629
3195 3226
2229 2564
1285 1879
3809 3920
1049 1191
703 730
1480 1782
1483 1571
1985 2142
450 489
2482 2578
107 1014
2021 2564
2308 2395
1932 2183
1587 1857
2352 2604
3702 3938
59 186
3001 3295
2115 2553
2122 2340
2240 2257
2750 2915
2211 2656
2174 2194
1048 1467
1035 1109
2165 2309
2674 3265
72 172
2369 2561
3519 3701
2344 2501
1181 1750
3437 3766
1122 1374
3026 3339
2769 3010
1583 1812
2063 2088
2101 2283
2779 3077
2278 2526
2123 2575
3518 3902
687 797
1946 2462
374 524
3110 3374
1078 1598
2958 3100
1918 2495
1124 1580
1421 1705
1283 1520
2254 2511
2084 2381
2996 3346
1098 1593
9 119
696 824
2115 2460
24 180
3777 3803
3505 3598
2853 3102
1298 1636
1643 1768
2003 2304
1004 1491
3116 3381
2077 2103
1020 1282
2090 2630
2311 2646
1979 2165
1352 1570
1048 1209
1604 1789
4 275
1964 1974
573 575
1230 1563
13 304
484 513
366 930
2734 3319
1006 1789
1271 1598
1291 1804
3437 3494
2095 2352
2187 2472
2176 2351
1214 1605
2021 2030
1181 1623
2153 2194
966 1117
2943 3108
2184 2469
3242 3411
1684 3299
2047 2465
1352 1730
1684 3031
1083 1809
1120 1872
951 1445
1986 2615
3705 3706
2951 3150
3559 3877
1163 1746
1924 2207
1391 1782
2754 2810
828 848
2187 2293
3721 3860
1959 2199
2256 2265
1577 1941
1945 2250
1829 1910
3150 3360
1199 1539
1917 2391
363 388
1107 1380
2786 2986
1912 1965
2172 2593
108 284
2063 2551
1621 1823
2047 2530
925 1059
1400 1767
2229 2604
2102 2475
107 1893
2122 2353
1392 1479
2706 3303
1922 2160
2946 3304
107 1347
1126 1809
3219 3369
2216 2428
1322 1592
710 711
1929 2275
896 1036
1359 1813
1293 1608
2828 3038
1584 1826
2833 3299
3007 3371
1962 2369
2010 2512
396 410
1059 1891
2266 2549
348 457
456 520
483 1744
2309 2550
3275 3318
417 545
933 1649
1201 1768
3980 4035
1572 1653
2046 2206
1308 1355
136 2510
436 561
1352 1367
53 330
967 1390
1152 1703
2324 2418
3512 3760
2347 2446
2706 2944
2151 2512
733 795
1423 1899
1939 2368
3640 3832
2170 2513
2199 2347
3437 3770
1941 2271
1463 1888
1370 1617
2754 3399
366 1740
1983 2043
3694 3867
2095 2646
1659 1877
1736 1845
999 1652
1483 1621
2157 2337
3542 3966
1361 1839
1440 1639
2111 2475
41 116
1998 2639
1238 1391
137 310
1495 1812
3002 3113
3437 3546
90 179
2115 2233
953 995
1684 2846
1072 1541
1684 3108
2074 2573
2055 2200
186 341
2136 2500
1296 1745
1272 1516
366 544
3098 3129
2509 2511
2187 2463
3616 3932
2669 3228
2757 3324
2069 2619
506 645
107 1003
2240 2507
2278 2468
2220 2308
2118 2478
781 809
2698 2906
1831 1910
1291 1398
2033 2521
430 559
2794 2966
1024 1879
1020 1894
1946 2543
2683 3286
3122 3218
1488 1826
1467 1799
1343 1694
460 560
962 1574
2894 3017
223 325
2069 2500
3402 3425
2773 3384
1001 1155
3026 3417
2151 2246
1632 1799
2038 2419
2147 2428
1205 1707
1993 2428
432 513
1388 1898
211 304
2434 2582
2415 2438
2081 2582
1583 1871
2955 3221
1495 1508
2795 3211
2077 2624
2102 2616
1289 1399
1958 2050
1938 2370
1102 1286
3327 3424
2280 2396
980 1888
3296 3344
3684 3734
422 523
925 1735
1916 1954
1116 1367
2098 2395
3100 3179
1211 1746
2010 2183
960 1083
2069 2229
1277 1691
0 99
1380 1868
2681 2757
612 619
2144 2491
2537 2608
1076 1126
1042 1338
2054 2161
1917 2630
2134 2194
1348 1541
2815 2911
20 41
960 1017
1696 1844
1369 1852
2065 2081
2031 2318
1842 1868
1707 1842
1988 2466
1341 1714
946 1846
2482 2520
2381 2520
1235 1830
3590 3740
857 3437
2378 2640
2511 2537
1993 2464
3169 3391
1610 1621
1041 1131
2871 3337
484 1677
1729 1812
1293 1888
1991 2225
1255 1280
329 332
2065 2324
1993 2631
1974 2453
2098 2290
903 1314
1026 1369
414 581
3201 3265
2673 3324
1028 1835
2174 2242
1211 1721
2661 3347
414 632
3049 3070
1912 2471
1663 1839
2782 2839
1135 1222
1048 1685
423 492
1225 1686
1080 1437
3437 3800
2078 2521
1612 1810
1643 1813
2672 3411
1182 1639
3172 3403
3690 3895
2213 2624
2073 2074
2117 2653
1185 1663
1014 1192
2241 2351
1912 2318
1126 1668
1255 1610
1971 2261
2146 2405
1159 1504
1793 1868
2706 2867
1621 1668
2498 2509
3124 3393
1029 1557
934 980
1048 1484
589 677
1078 1888
3035 3416
2873 3078
1938 2309
1182 1405
3027 3326
2039 2149
80 266
2309 2654
2206 2564
3495 3938
896 1862
3502 3864
1589 1604
1037 1070
1024 1305
2854 2931
941 1273
2139 2271
2920 3073
1591 1828
1199 1409
1175 1480
1935 2660
3192 3198
2282 2547
2331 2552
1582 1871
1941 2458
3556 3971
1962 2433
1971 1984
2139 2395
3815 3907
1144 1494
908 1465
2813 3136
1122 1616
983 1712
3687 3737
3088 3272
3166 3400
925 1559
2749 3096
2005 2408
2213 2542
2340 2467
2213 2619
980 1839
1471 1663
1237 1512
1917 2150
917 1241
1985 1989
719 805
954 1014
2887 2897
2240 2532
109 148
2125 2471
618 630
1198 1467
2711 2714
703 824
697 818
1750 1771
3468 3866
2002 2461
795 820
2742 3350
2274 2351
1751 1875
2526 2539
2929 3232
444 513
1351 1799
1684 2941
1209 1663
2841 3383
3838 3926
3783 3809
1191 1888
2547 2555
107 1737
1112 1600
1963 2395
2553 2559
2327 2451
2374 2500
2153 2629
1918 2630
2216 2564
1128 1650
3273 3295
2223 2502
1377 1488
2091 2129
2936 3302
2999 3263
3093 3154
2117 2268
2046 2404
1420 1823
2880 3000
1600 1795
1017 1059
2955 3403
1164 1761
393 399
1432 1680
1278 1867
2742 2748
2756 2888
2730 3233
2046 2460
2058 2573
2376 2593
999 1879
3048 3208
2131 2369
2835 3348
2776 3271
1999 2284
1719 1825
2786 2827
925 1390
2188 2278
1680 1893
444 556
2408 2601
1570 1621
107 1263
827 849
2953 3362
3020 3072
497 544
960 1288
465 604
2877 2940
953 1791
1371 1536
2328 2432
983 1849
3049 3101
2084 2184
1146 1610
1261 1661
780 803
715 738
2187 2436
3098 3108
2064 2395
694 834
3576 3824
2190 2467
1052 1727
3178 3403
1983 2613
2165 2611
1132 1361
2285 2543
2386 2495
1985 2020
2139 2489
2253 2329
2090 2261
1920 2282
1598 1600
2679 2988
1086 1600
1471 1623
979 1177
3757 3774
1078 1753
2906 3117
3021 3332
1917 2309
3707 3731
2796 3347
3049 3252
1281 1844
3486 3833
3437 3675
1993 2122
2828 3347
959 1163
2033 2520
2078 2478
1573 1576
2475 2516
526 1012
2117 2310
2112 2495
1630 1781
3601 3623
2112 2340
2715 2881
2103 2573
2007 2646
1717 1757
1318 1464
1406 1638
1014 1824
3038 3224
2229 2468
1684 2923
2223 2491
3447 3894
13 119
2338 2597
1917 2559
606 1313
2164 2300
818 822
920 1792
3772 3950
1603 1804
711 828
3152 3332
56 59
2321 2581
432 544
993 1329
908 1687
1006 1613
2283 2543
769 869
3013 3109
2758 2784
2308 2655
2056 2593
1049 1278
504 510
1129 1322
2069 2485
1107 1643
3449 3692
104 295
483 1066
526 1237
2134 2588
200 332
2030 2593
348 479
2897 3232
2591 2655
3060 3082
1684 3051
385 436
686 823
2675 3154
2423 2467
993 1669
1198 1584
1082 1277
2180 2194
1405 1639
2104 2266
1339 1712
1082 1475
993 1185
1528 1835
2674 2863
2307 2638
1684 3080
1613 1823
2123 2460
3276 3343
1670 1908
1684 2998
1099 1893
3026 3387
1919 2171
1917 2271
2890 2985
753 890
1243 1735
2254 2372
1659 1867
1049 1724
2738 3137
2045 2139
1481 1503
1702 1845
2021 2172
2730 3215
376 444
1153 1714
21 56
2261 2324
2145 2473
93 111
1271 1888
2217 2618
1172 1361
925 1746
271 323
2061 2297
2326 2359
3687 3830
261 325
465 487
402 543
107 580
2020 2088
2140 2329
3836 3964
1322 1857
1644 1793
2123 2257
1577 2629
1101 1868
2118 2188
1971 2352
1009 1872
1092 1609
1684 3403
2087 2174
1577 2223
2717 3426
3132 3267
3577 3841
2093 2200
3035 3206
1702 1817
2098 2164
765 823
2184 2430
382 555
1279 1462
991 1317
1517 1580
1799 1800
3817 3831
2694 3104
2765 2939
947 1799
2150 2404
2977 3084
2073 2275
2046 2619
1023 1615
1926 2333
2663 3084
3643 3810
698 3437
766 823
2229 2306
1912 2312
416 419
107 1844
2664 2986
2993 3384
3344 3416
1207 1488
1597 1877
1132 1800
2495 2604
2005 2624
2139 2590
1822 1905
1181 1399
2325 2557
2928 2993
1036 1859
2778 3396
2075 2132
3437 3561
1117 1826
3437 3708
2124 2631
1954 1973
2148 2465
2910 3065
132 303
2974 3213
62 341
2153 2176
1305 1761
2059 2563
3145 3274
3437 3531
2201 2506
2294 2461
2124 2213
2730 3100
963 1493
963 1216
2668 3276
0 160
1462 1873
2278 2308
475 548
1591 1873
1085 3495
1040 1793
3102 3280
2179 2271
997 1377
967 1835
1170 1303
1557 1772
1017 1420
2742 3150
2127 2319
0 70
1217 1910
1964 2310
1185 1752
116 214
538 606
734 842
944 1504
1929 2630
2716 3350
3247 3355
1547 1849
2716 3017
3460 3937
2068 2081
2504 2554
1391 1614
504 531
1632 1717
1175 1447
3000 3119
2240 2492
1943 2095
2716 2984
1085 1136
2247 2491
1024 1101
1675 1753
2966 3301
1491 1799
2770 3297
2300 2369
2218 2606
3002 3027
989 1014
107 1865
370 469
2909 2943
1156 1845
2280 2594
941 1454
107 1170
980 1312
2196 2463
2307 2386
2996 3140
2665 3248
2356 2433
3051 3185
3000 3078
1187 1593
978 1330
1746 1898
2325 2416
1237 1526
3801 3921
0 304
389 1348
958 1468
3070 3116
2877 3096
2773 3417
394 544
2965 3274
2683 3237
1989 2300
2164 2615
2045 2601
1398 1467
957 1550
2334 2471
1714 1816
1554 1891
1174 1825
1125 1554
1994 2042
3796 3851
2703 3283
1597 1867
1471 1559
3586 3677
3998 4023
1959 2174
1052 1428
2268 2491
2060 2095
2174 2451
1918 2055
1528 1603
492 553
1006 1835
3077 3342
1024 1339
1989 2611
3035 3391
934 1334
2062 2438
2901 3106
1684 3345
1139 1906
3022 3096
2121 2190
3111 3274
1912 2162
1987 2039
1076 1079
3556 3693
2549 2611
348 484
1006 1125
2750 3096
1257 1322
2203 2475
2071 2653
3692 3721
2966 3085
2062 2338
2330 2463
3184 3294
2683 2731
2033 2611
2741 2953
2319 2653
1689 1902
2069 2331
2347 2356
526 1435
3212 3240
2007 2086
1577 2134
2796 3039
2486 2513
898 919
1086 1736
1920 2475
2104 2604
3437 3650
2115 2462
2935 3063
3033 3228
1079 1813
1590 1639
618 678
3000 3387
2221 2479
460 473
471 524
1048 1753
1938 2414
2032 2344
3714 3906
3507 3927
2074 2560
2864 2985
1308 1759
1525 1541
1953 2414
896 1426
2751 2868
1597 1714
686 781
1339 1804
3482 3505
2339 2414
1329 1823
493 525
3065 3399
637 1155
2123 2504
1917 1962
136 2458
2500 2521
2029 2328
2713 3240
2086 2469
3617 3823
932 1026
3101 3344
2108 2590
1425 1478
1230 1331
1110 1663
2516 2629
968 1217
1258 1709
232 271
360 507
1377 1707
3116 3431
2951 3274
2989 3089
1261 1273
2046 2244
731 781
1469 1783
1098 1187
1271 1619
1946 2386
1284 1636
2157 2648
2086 2578
976 1514
967 1092
3035 3434
2047 2641
2090 2552
592 684
960 1707
2906 3301
3831 3971
3040 3226
1107 1843
2932 3256
2673 2694
1227 1682
2729 3114
1971 2606
0 20
1551 1623
202 329
2920 3033
412 456
1112 1886
1800 1839
1912 1972
1947 2235
2037 2433
1603 1621
2046 2074
1940 2616
601 644
1282 1381
1438 1462
1323 1389
2233 2646
1314 1333
2188 2276
1948 2163
266 302
7 87
3443 3464
2161 2327
348 492
779 823
708 800
1181 1250
2032 2629
1809 1816
2194 2333
2418 2433
2460 2573
992 1378
3715 3867
1420 1659
1684 2767
636 677
3496 3817
1619 1714
1185 1376
2694 2782
3470 3767
3505 3850
1485 1782
1076 1290
2127 2510
1684 3362
2101 2396
2754 2880
2436 2649
492 495
2772 3342
2115 2395
793 809
2960 3056
1810 1868
1390 1530
1435 1622
1934 1936
1078 1675
2907 3025
1379 1479
2290 2428
1684 2911
2863 3154
999 1367
1371 1880
3722 3827
2054 2327
1079 1768
2077 2340
1668 1761
2148 2302
1684 3346
921 1554
2187 2273
2296 2498
2033 2543
2090 2093
451 553
2500 2574
2428 2446
1135 1146
1589 1609
2832 3275
1125 1551
2123 2623
1577 2198
2043 2554
1912 2503
3116 3298
1653 1714
1920 2384
2179 2464
2419 2436
946 1557
1662 1833
2172 2520
580 1095
3017 3225
1871 1907
2052 2183
143 175
3823 3956
1925 2550
2940 3433
1985 2591
1086 1164
1178 1866
1912 2299
1926 2032
1523 1622
2134 2187
1953 2604
1242 1376
913 1497
3672 3902
2340 2521
3087 3296
3036 3363
122 342
3559 3944
3596 3692
3101 3267
2845 3002
0 282
2053 2315
2038 2417
1006 1132
2800 2969
1117 1341
1079 1589
1921 2116
1 280
1064 1671
917 1531
1004 1644
2827 3417
944 1258
2003 2243
2880 2943
353 641
2376 2556
1107 1124
3010 3080
1869 1904
3545 3596
2661 3280
2537 2567
2184 2237
2822 3361
2188 2573
1216 1747
3014 3293
1982 2280
2172 2261
0 267
419 505
3498 3629
1559 1669
1997 2140
408 559
2216 2347
965 1052
2170 2349
2485 2543
828 842
1947 2282
2087 2451
1230 1864
1684 2696
2800 3426
2068 2616
2038 2458
1086 1376
2154 2590
2404 2601
2810 2821
2148 2224
2040 2059
3205 3242
475 1549
2176 2425
2985 3033
1966 2575
2091 2197
1309 1508
170 200
966 1832
1863 1911
2409 2573
1167 1633
1060 1903
1358 1400
2046 2423
1257 1680
913 1408
1668 1902
2674 3247
1577 1945
3140 3219
828 847
2951 3421
3082 3321
1078 1409
2104 2551
1986 2604
3150 3347
1088 1719
3204 3351
2239 2509
3628 3819
1559 1891
2246 2304
1305 1612
1054 1092
3437 3746
1979 2352
950 1537
1247 1897
1019 1204
783 849
1062 1876
2067 2300
3118 3377
589 622
2859 3002
1146 1685
1167 1472
1505 3005
2005 2210
2142 2303
2777 3348
2874 2924
2220 2556
1399 1665
2782 3090
172 342
1101 1712
1082 1573
2781 3291
1626 1683
2954 3248
1475 1591
2275 2386
1684 3094
1416 1530
460 508
203 239
1015 1129
1688 1724
2749 2944
978 1520
1017 1839
1918 1971
3152 3265
1112 1771
224 236
3755 3926
2533 2582
2206 2275
1126 1617
554 563
3501 3586
1107 1861
3458 3711
1029 1580
1959 2057
1255 1608
2306 2646
2090 2122
143 177
1618 1622
2138 2496
1067 1715
1287 1370
1954 2180
1082 1550
1377 1600
2033 2550
1452 1548
2328 2525
2148 2187
421 444
2875 3116
1980 2640
1352 1437
2149 2588
1130 1805
1101 1809
2234 2410
1363 1787
905 1408
107 1760
1598 1902
10 332
916 1365
1520 1842
2069 2090
1066 1082
1948 2327
1358 1679
2122 2290
2951 3168
2781 3116
993 1639
136 2471
1329 1813
2245 2487
954 1018
523 544
1085 1187
2005 2309
3512 3577
3889 3943
2026 2338
2007 2372
387 524
3527 3966
3060 3291
2174 2509
2125 2384
1985 2081
2368 2519
3604 3804
1075 1819
2825 2921
3500 3747
2121 2623
1975 2049
2955 3032
2347 2399
993 1730
1146 1420
1199 1509
4003 4009
3993 4030
3443 3469
591 637
2140 2188
1684 3393
381 457
1329 1800
370 438
709 777
3295 3334
975 1591
1613 1888
2212 2542
1605 1804
1479 1576
2218 2220
2719 3182
1209 1431
2661 3291
1059 1520
2111 2351
2329 2477
2043 2201
1684 2935
3604 3838
2681 3184
1074 1813
1684 3015
1331 1714
1161 1518
3456 3633
2827 2852
1940 2247
2026 2550
2336 2463
1966 2484
3654 3703
2188 2409
2075 2396
2386 2607
1052 1348
1349 1606
934 1267
1979 2086
119 146
475 567
3142 3195
1970 2072
3198 3379
2124 2414
2820 3292
1962 2339
2347 2419
936 1870
2603 2617
2353 2575
1971 2630
2323 2638
1377 1570
2539 2624
3051 3204
2124 2271
2666 3149
2054 2537
3018 3154
428 553
686 725
2174 2268
2742 3046
2047 2533
1076 1390
1912 2494
3690 3869
2601 2607
3116 3291
2053 2394
1152 1473
2179 2309
2758 3019
2786 3174
1330 1675
2096 2328
2335 2411
1554 1861
1935 2022
186 303
2719 2992
200 323
1971 2188
1931 2627
2024 2459
80 213
2121 2590
3514 3760
2293 2594
2800 3033
997 1563
1389 1551
1082 1345
1101 1800
2058 2092
2172 2278
3750 3950
3026 3293
2383 2564
1329 1761
3642 3938
906 1520
2624 2625
906 1572
2500 2552
1449 1868
1029 1056
445 535
2754 2850
1574 1625
3495 3948
2033 2619
948 1526
1185 1761
2078 2500
2430 2546
2047 2153
3283 3318
3026 3114
2469 2593
1198 1714
2042 2643
1428 1815
1125 1827
3456 3804
2616 2653
1113 1660
1067 1284
2055 2216
2020 2561
1577 2010
2131 2476
1559 1730
1916 2087
1222 1604
2036 2214
2257 2324
2302 2330
1075 1659
2900 3019
2098 2115
2143 2377
1940 2338
1117 1827
2159 2585
1456 1746
2887 3135
2326 2348
2307 2607
2121 2418
2093 2218
2189 2391
1146 1250
1516 1707
709 835
2121 2229
3000 3293
2053 2068
1639 1779
1793 1827
1789 1804
1010 1037
1331 1603
3443 3915
1153 1617
2414 2623
2932 3299
59 261
1622 1669
951 1327
3017 3422
2173 2357
2398 2518
773 847
3758 3761
1601 1733
1984 2654
2284 2365
1961 2301
1940 2351
2468 2646
942 1502
2059 2646
701 845
3509 3569
353 1844
2073 2306
1540 1867
2108 2602
1590 1883
1945 2052
2982 3314
2104 2142
662 670
2287 2339
497 567
1211 1551
2054 2096
2754 2909
2948 3324
2960 3104
2064 2521
1596 1841
2770 3102
3152 3373
1485 1563
1330 1835
686 754
1912 2330
3619 3880
26 280
981 1044
2840 3267
1109 1428
2093 2131
954 1781
3101 3239
2145 2566
637 1830
1238 1361
2969 3078
1391 1750
2060 2404
2386 2586
1948 1994
150 324
2083 2131
2770 3185
2993 3226
1204 1649
2141 2425
2778 3277
2241 2254
1984 2253
981 1322
1051 1275
1684 3340
2356 2363
2117 2224
2696 3274
3038 3288
2194 2384
2923 3411
2329 2374
2793 3319
962 1844
1026 1793
2003 2222
2785 3352
2007 2071
2419 2598
403 489
2072 2304
925 1110
3584 3593
2289 2368
2059 2229
2153 2491
1410 1676
3713 3921
2098 2553
1941 2542
374 561
2058 2594
2461 2616
1259 1904
2047 2071
3563 3873
2240 2352
107 981
1404 1459
3158 3166
974 1366
1123 1833
1191 1736
483 1245
1663 1811
1655 1728
966 1153
348 445
1078 1730
2180 2588
1351 1888
949 1052
1001 1357
698 869
3452 3891
1936 1975
3635 3838
2646 2654
1042 1051
1191 1447
1557 1795
1912 2577
2095 2311
1175 1312
697 819
2205 2416
1004 1059
1916 2419
745 795
2676 3339
430 503
1799 1816
1271 1816
1684 3251
538 1237
3102 3252
1912 2388
1943 2090
946 1902
1373 1820
1108 1871
2460 2556
927 1530
2003 2377
966 1864
1361 1849
1312 1675
2811 3162
2190 2574
405 513
1257 1413
2689 3142
927 1819
2005 2433
3107 3275
3437 3765
3077 3273
3174 3195
2920 2974
2198 2642
2115 2539
2040 2407
2274 2603
916 1017
978 1707
2102 2328
719 853
1504 1634
2354 2485
1815 1869
898 917
2682 3233
2221 2344
2124 2276
2698 2800
400 561
1379 1423
467 572
2551 2559
2199 2461
2492 2521
277 325
2223 2555
1160 1201
993 1391
1012 1400
2951 2984
3667 3842
697 731
2928 3257
492 514
1931 2159
3047 3142
3154 3415
766 784
2543 2551
1912 1953
2679 2956
1966 2326
2359 2586
3930 3934
1750 1823
3224 3299
2189 2292
1135 1843
2717 2777
3213 3417
1917 2563
2024 2202
3610 3674
2054 2183
2718 2901
719 755
1125 1598
40 322
1598 1665
3498 3713
1557 1819
2271 2560
713 816
1170 1894
1204 1303
2102 2642
1916 2176
458 497
2830 3168
483 1382
1496 1745
3145 3185
1307 1698
902 1104
717 855
1620 1632
2492 2630
1222 1367
204 330
2323 2521
1925 2395
3626 3916
1292 1857
1059 1714
408 444
3982 4037
1219 1399
1238 1746
1604 1662
1363 1493
2428 2600
2351 2597
698 825
1126 1665
1300 1374
1508 1638
1399 1746
2698 2940
2719 3113
1570 1835
1603 1669
2492 2590
2028 2567
67 69
3997 3998
2240 2329
1015 1235
1052 1444
3100 3182
1952 2111
2369 2526
3049 3078
1920 2183
2255 2320
497 559
1337 1702
2713 3420
1298 1423
2839 3226
1926 2508
2363 2542
3680 3900
630 644
2119 2397
483 1778
2121 2532
506 519
483 1729
1717 1877
2212 2507
1375 1669
1995 2225
993 1608
2384 2629
2224 2475
397 419
3011 3398
2927 2944
896 984
514 544
3026 3096
3514 3824
1940 2194
2701 3076
724 745
2246 2438
1405 1590
1948 2087
2932 3087
2324 2495
117 231
747 819
1017 1467
2703 3318
423 506
2579 2590
2729 2794
978 1537
3476 3774
2916 3022
2944 3090
2797 3378
2180 2336
2005 2359
2135 2592
3701 3759
1341 1598
1945 2319
528 553
1944 2117
1736 1879
2241 2509
1191 1589
2664 2745
1183 1783
3437 3789
107 1321
3073 3363
661 675
1765 1819
1507 1541
1082 1903
967 1796
3016 3144
1260 1308
2782 2786
1720 1862
3064 3108
2340 2352
352 462
3474 3604
1559 1879
2287 2311
1763 1844
1222 1842
104 142
1377 1675
947 1757
2984 3291
2073 2139
2777 3426
93 167
1985 2387
3545 3697
483 1086
2986 3064
2907 3135
1017 1302
1570 1761
2826 3340
1048 1124
906 1003
1447 1730
2870 3244
2220 2575
2676 2896
2921 3034
2154 2507
2852 3220
1017 1584
1963 2393
2974 3363
952 1078
924 1170
733 786
2133 2336
1535 1835
2352 2561
2315 2372
2047 2366
2675 3404
2059 2601
2030 2046
3831 3968
1761 1818
1559 1789
2131 2188
2716 3140
1059 1339
2730 3002
1668 1736
1074 1211
1302 1663
3011 3262
1256 1367
1327 1540
2590 2593
1431 1605
2097 2640
2408 2430
1668 1717
1943 2352
1120 1841
2196 2279
2161 2194
1684 3378
3437 3813
1322 1628
1340 1688
1929 2551
2071 2332
2786 3324
1539 1557
2000 2472
916 978
968 1183
1684 3383
1226 1770
2384 2463
1211 1250
2951 3207
1963 2495
2724 3253
1504 1536
107 1071
483 1464
946 1405
2290 2655
1288 1736
2036 2566
1966 2564
2176 2267
1522 1663
2800 3090
3456 3841
1004 1399
907 1155
2947 3001
2165 2404
1663 1768
1211 1707
65 339
1156 1211
3056 3363
107 1554
3152 3169
2046 2083
1012 1223
25 323
1912 2188
1923 2163
3790 3800
1285 1598
2257 2258
2003 2390
1918 2593
1056 1864
2149 2592
1389 1663
1963 2059
1997 2506
1056 1800
1918 2381
615 675
2025 2061
465 566
2494 2639
2951 3264
2127 2398
538 1226
2990 3241
2233 2655
2750 2911
2787 3070
1054 1293
1086 1741
952 1584
2154 2482
1404 1448
2582 2629
2140 2216
373 475
623 684
3252 3280
2498 2588
3535 3601
2754 2928
1132 1305
1242 1827
2755 2782
1539 1819
0 280
204 329
2126 2341
2363 2630
774 824
609 680
3490 3624
578 661
2086 2504
3980 4015
1007 1426
1179 1778
1946 2489
2250 2436
2139 2607
2733 3011
1946 2063
1117 1329
989 1661
678 682
2206 2553
2220 2623
1465 2512
409 431
2779 3366
2750 2986
2939 3051
1979 2257
414 617
359 481
2326 2607
2810 2907
2092 2387
1341 1605
3479 3562
1426 1515
2777 2872
107 1412
3605 3828
1419 2813
2432 2603
747 780
2056 2476
2184 2359
1973 2657
2153 2327
2135 2555
1338 1709
561 591
2190 2559
1366 1444
1449 1800
13 271
2872 2966
1918 2098
1505 2976
414 423
1261 1292
2244 2352
3002 3051
1391 1849
3466 3602
1107 1823
1330 1821
2356 2549
2098 2184
1343 1881
1983 2147
2073 2340
1006 1707
1335 1665
2216 2604
1483 1707
2142 2579
2149 2203
1551 1753
2578 2624
2428 2560
2143 2597
1078 1793
2010 2032
1100 1292
1352 1867
1327 1361
2408 2590
1471 1621
1459 1576
2003 2101
3714 3870
1998 2022
2153 2594
3824 3858
2151 2368
252 345
2780 3211
626 657
1472 1672
3471 3702
1281 1729
1079 1351
2038 2345
1559 1612
2381 2560
2823 3403
580 1142
1066 1495
3387 3426
2165 2553
109 186
412 455
2894 3111
2052 2384
3437 3930
2040 2573
2735 3259
2526 2579
1987 2332
1125 1163
2347 2611
1128 1724
1166 1876
1126 1643
697 849
2916 3284
1938 2409
3437 3948
1610 1685
3512 3800
2336 2338
1378 1648
2140 2619
1916 2128
1985 2109
1959 2533
2088 2340
2990 3154
984 1591
1929 2206
1 133
2846 3360
1029 1330
1483 1665
1993 2408
1791 1861
139 320
1966 2427
1671 1763
1600 1877
2072 2518
2326 2654
2092 2602
1265 1608
984 1066
2526 2578
3058 3352
1072 1226
2196 2325
2378 2538
1132 1207
3672 3872
2122 2139
3670 3938
1128 1827
967 1334
1126 1361
1401 1603
3038 3140
2810 3025
1939 2274
1067 1257
2010 2555
2407 2409
1929 2430
2992 3347
2212 2433
1994 2279
2300 2631
372 455
978 1623
1148 1884
1768 1860
1927 2627
2593 2655
391 423
1288 1665
2077 2381
2974 3339
2242 2395
2287 2601
1409 1734
2009 2648
2216 2409
3593 3758
1356 1497
1211 1520
971 1704
2673 2912
1271 1833
2144 2649
1551 1868
483 1332
724 752
2299 2619
1593 1687
1941 2460
1563 1799
1166 1258
1983 2619
2058 2654
1918 2601
1040 1736
3026 3090
2272 2318
1346 1537
1710 1861
1415 1630
1376 1714
2719 2973
2356 2477
1435 1525
1369 1726
2848 3148
277 308
3593 3906
2669 3174
1916 2151
3136 3419
2780 3049
1369 1505
957 1392
1017 1391
708 755
3082 3355
3437 3472
1101 1547
2074 2112
2428 2492
2085 2265
2090 2395
381 419
2156 2424
1125 1501
1219 1610
1330 1736
1919 2459
1684 2909
107 993
814 842
3214 3248
2039 2282
934 1835
2076 2170
2575 2602
2680 2943
2381 2654
3509 3947
1575 1885
3711 3758
758 836
2040 2253
3437 3908
184 329
1146 1644
2433 2611
2377 2649
2038 2102
1079 1652
2254 2458
2372 2398
2112 2429
1683 1835
2347 2631
2706 3294
942 1899
1282 1451
1931 2202
2169 2279
1361 1891
450 547
414 579
2772 3107
2084 2271
623 625
1471 1590
2430 2449
353 1878
3132 3154
3084 3130
271 297
3437 3479
1684 2788
3706 3869
3255 3369
412 504
1462 1591
916 1823
175 278
1275 1672
107 1246
1447 1722
200 334
1172 1823
3077 3223
3437 3889
2661 3116
2214 2289
1426 1587
2276 2625
1638 1820
2084 2460
2142 2150
3011 3350
2199 2419
21 274
0 167
1508 1742
2115 2350
1008 1911
2216 2549
932 1256
994 1807
1419 1684
3076 3396
165 342
1166 1241
2189 2616
1604 1736
1617 1663
960 1086
409 500
82 331
389 497
773 836
1184 1669
2789 3104
3007 3188
2240 2331
2665 2730
947 1888
2715 3365
1018 1373
921 1826
876 878
1373 1686
3051 3381
2661 3397
988 1636
2044 2410
2417 2608
1509 1609
376 497
2135 2196
2081 2148
1339 1352
107 1881
1613 1746
107 1493
1598 1886
941 1638
2771 3383
1723 1898
1979 2359
1613 1867
2615 2630
1030 1043
1243 1497
13 98
2140 2477
2072 2174
136 2203
1399 1898
1355 1709
1943 2601
1462 1790
2078 2370
2754 2782
698 865
758 808
2723 3027
1945 2458
3701 3757
1153 1380
947 1617
1733 1880
609 653
3022 3226
1559 1609
2037 2329
1076 1199
2439 2548
3034 3345
1496 1536
3682 3812
1334 1663
2087 2616
2087 2268
1125 1800
2083 2575
26 304
2711 2921
2180 2385
1522 1622
1201 1609
1554 1662
1047 1734
2953 3000
2666 2905
2921 3009
2089 2628
1029 1460
1941 2063
2381 2467
2331 2579
1470 1811
1912 2135
1199 1331
2302 2328
2866 2912
2820 3233
365 556
2049 2335
2471 2509
2038 2318
916 1685
1970 2134
1981 2072
2551 2619
2939 3150
524 567
3462 3672
1378 1452
3866 3947
733 839
1918 2188
3550 3633
1985 2363
1926 2153
2009 2027
1931 2143
906 1609
1946 2172
3768 3906
0 91
3857 3917
898 1382
2937 3179
3437 3870
508 563
2728 3379
2030 2090
348 535
2000 2157
1917 2059
107 1470
2134 2336
992 1424
1995 2050
1399 1501
3661 3737
2823 3145
2071 2137
1373 1515
3782 3945
713 777
2673 3414
107 1415
947 1683
2299 2579
1935 2000
2282 2510
1684 3232
1577 2597
2970 3265
1199 1833
1811 1839
185 285
3752 3761
2150 2370
56 222
2189 2254
3675 3708
3320 3347
2290 2549
1925 2190
1222 1389
2841 3255
2848 3133
2271 2460
1920 2068
2090 2409
0 44
3760 3962
172 232
1361 1542
926 1604
1551 1888
1684 2868
2183 2351
2246 2302
1226 1679
2712 3415
1971 2142
152 339
1538 1589
376 452
1368 1788
62 200
1088 1803
2144 2254
1269 1827
2056 2118
703 843
1483 1813
1107 1509
1753 1861
698 886
3098 3119
2121 2477
1597 1653
2955 3346
2072 2603
999 1471
1099 1508
2111 2279
1639 1819
637 1148
483 1179
107 1401
2063 2623
175 263
2086 2409
2950 3113
2140 2575
2044 2449
1125 1288
2229 2539
1191 1267
2369 2546
2381 2423
2910 2945
2226 2246
1596 1682
2739 2871
1681 1847
265 271
3437 3699
2253 2309
2206 2638
900 919
2973 3021
2706 2754
484 1001
107 1017
1912 1999
1962 2164
1542 1902
522 539
1032 1595
1256 1826
943 1051
2274 2396
2038 2242
2037 2098
1921 2143
3273 3346
2224 2328
1003 1391
2090 2468
2220 2339
1465 1959
2165 2244
149 312
1962 2495
1634 1725
3051 3320
3464 3726
1925 2233
2709 3015
3199 3358
2072 2110
1272 1585
1962 2266
1043 1384
2741 2743
1352 1819
3470 3521
1120 1781
2683 2943
28 312
82 98
2907 2940
1305 1352
1078 1604
2074 2539
1132 1746
745 781
3437 3495
3764 3834
1124 1839
948 1660
2356 2504
983 1211
566 968
1542 1707
1367 1688
3437 3947
2759 2961
2261 2564
101 317
2253 2374
1979 2073
1684 3310
3102 3297
713 751
2279 2336
1964 2361
2138 2609
897 1398
2717 2782
355 500
3640 3762
1918 2591
1951 2159
2216 2646
1912 2600
418 497
2326 2354
1217 1658
2124 2352
1238 1487
1509 1835
1117 1323
2037 2578
3983 4017
2033 2363
2059 2615
1136 1825
1955 2111
2872 3096
159 172
921 952
2035 2402
2666 2912
142 277
2050 2640
3247 3330
2300 2326
2418 2575
2083 2593
1941 2327
366 1374
484 1122
1367 1522
2016 2364
1971 2056
583 681
1971 2045
2758 2856
629 1893
2950 3182
422 547
2864 2880
128 170
1411 1589
136 2292
1929 2108
2278 2482
2121 2492
1290 1754
1551 1861
908 1136
482 548
1019 1221
3437 3854
1100 1423
2290 2376
982 1126
3291 3335
2217 2439
2679 3257
1014 1495
2293 2372
1041 1169
1580 1804
2278 2638
3477 3651
1986 2553
1277 1350
3829 3915
1214 1539
1979 2554
2149 2445
1954 2102
1532 1700
2680 3193
1282 1894
2367 2598
2944 3394
980 1182
2894 3332
3833 3900
2278 2578
2820 2962
1304 1759
1125 1816
1185 1603
3437 3558
1516 1662
2698 3387
2844 3087
2042 2508
1125 1793
925 1539
1149 1774
1941 2196
1361 1723
2111 2223
3465 3708
2274 2390
2060 2163
1219 1707
1187 1360
3100 3168
694 824
1431 1613
2309 2482
1718 2111
1941 2121
1978 2503
2433 2495
2033 2386
2764 2923
1146 1344
1571 1589
2647 2648
1322 1448
1435 1444
1344 1367
1025 1897
1163 1668
810 853
428 542
2464 2575
1413 1462
2543 2561
1573 1715
2244 2611
1949 2277
1369 1836
3757 3899
2764 3222
3474 3967
2086 2142
1684 2728
3557 3640
600 632
1565 1801
2686 3217
2299 2500
85 188
0 67
2273 2498
2697 3001
3532 3767
3556 3688
85 322
916 1868
53 299
1995 2024
1189 1428
2142 2240
1142 1616
2873 3026
1132 1879
2499 2559
1557 1662
741 836
2115 2469
1472 1500
1231 1277
896 1764
1352 1734
781 823
2841 3097
1684 2883
1641 1866
3708 3975
2326 2561
2719 3169
2046 2309
2282 2327
2767 2959
2214 2367
3107 3154
2910 3108
1536 1727
2950 3035
1420 1571
2661 3351
1941 2208
2754 2912
2143 2292
134 199
400 524
2474 2644
1064 1202
2754 3202
2774 3127
1275 1504
2768 3002
3519 3918
3842 3948
483 1850
1610 1888
1971 2340
2728 3412
2302 2420
2819 3140
1534 2979
2114 2160
2060 2142
1954 2289
1375 1886
2554 2655
3455 3470
3486 3822
1985 2420
2062 2537
1109 1624
2460 2590
461 645
1130 1480
1024 1902
917 1158
2315 2332
2977 3029
1917 2579
2782 2910
2933 2997
2068 2473
1509 1604
3440 3877
2229 2430
1320 1425
3008 3314
1229 1550
1205 1835
2112 2478
1107 1458
1684 3117
2221 2603
414 681
2250 2475
802 806
1355 1472
2751 2946
1597 1683
142 308
1539 1816
1957 2627
1339 1839
2047 2080
2123 2356
1746 1886
1290 1312
3873 3877
1462 1655
686 826
696 724
2268 2502
2782 2896
1928 2018
3633 3667
914 1897
1929 2201
2072 2589
1465 2289
686 700
2187 2508
1505 2883
2356 2500
169 318
1192 1347
2123 2370
2573 2624
414 563
2046 2188
932 1488
373 590
3830 3898
452 500
1758 1837
2235 2283
3486 3900
2395 2408
1117 1622
3437 3641
1359 1793
1985 2290
89 319
107 629
1888 1898
107 1082
3450 3731
925 1563
1962 2600
2773 3104
2215 2543
3206 3252
1371 1467
180 346
606 1574
0 221
2328 2555
1573 1691
1979 2229
1940 2246
2482 2601
1338 1828
318 334
1962 2484
1557 1835
3621 3861
1159 1738
3460 3956
1984 2093
2489 2638
2502 2643
1938 1979
431 537
1926 2189
2590 2613
1966 2520
1040 1707
2627 2639
997 1570
373 683
1983 2347
2184 2278
1352 1683
2629 2643
2742 3201
981 1691
1221 1884
2216 2220
2374 2395
2137 2561
2062 2390
2951 3252
3635 3640
3540 3684
2267 2589
1181 1198
500 683
2021 2563
1185 1617
2037 2104
2719 3386
1938 2308
2133 2557
3084 3293
2221 2511
959 1380
3226 3232
3617 3680
800 810
2835 2994
3738 3821
1235 1404
2253 2521
2715 2868
1938 2550
2705 2874
2093 2103
1959 2280
2786 2927
2127 2330
1684 3219
2068 2215
438 520
1115 1120
728 783
1198 1867
2033 2369
1983 2184
2237 2276
1697 1909
2040 2615
2639 2645
2349 2622
1983 2625
3579 3957
2007 2420
742 786
2220 2469
916 1712
2087 2516
2169 2385
2060 2188
265 311
2011 2472
1184 1491
993 1199
431 566
1049 1116
2461 2491
3201 3272
2751 3043
3705 3835
1059 1488
1912 2111
2939 3239
80 187
1223 1692
3101 3265
2140 2309
977 1041
2172 2363
1381 1857
271 313
967 1420
1041 1770
2047 2232
1583 1595
2117 2169
952 1059
2853 2894
1173 1620
423 558
389 424
1256 1736
2043 2069
3132 3239
2229 2391
2409 2654
2734 3254
2007 2509
1943 2271
2071 2427
2334 2604
2030 2275
2291 2406
2254 2512
2755 2929
708 824
998 1537
2216 2386
1108 1261
1997 2630
2122 2407
728 747
2712 3240
2064 2619
2910 2988
1079 1827
2215 2268
984 1706
1185 1522
2118 2381
2973 3223
490 523
2907 3433
938 1333
1584 1675
2002 2434
3049 3296
3344 3434
2268 2660
1230 1827
3763 3924
2092 2271
1345 1783
2005 2308
1559 1833
2150 2201
2463 2475
2172 2410
953 1280
916 1662
2516 2519
2039 2196
3593 3786
2354 2646
2124 2574
1622 1800
1684 2912
1128 1727
2257 2464
3611 3852
1011 1541
1135 1813
2701 3258
863 886
3228 3363
2226 2461
2477 2638
1993 2043
1135 1885
3614 3825
2190 2354
521 544
1954 2224
1152 1366
2932 3136
1126 1201
1026 1714
2992 3291
3126 3128
0 55
1184 1542
1737 1819
2189 2288
2188 2299
2140 2253
2133 2203
942 1454
2919 3056
374 376
1467 1761
2796 3377
1126 1619
2045 2059
457 469
158 339
2500 2553
39 121
1128 1833
1064 1453
1953 2655
2720 3345
0 60
959 1271
376 413
898 1729
1078 1821
2033 2559
2825 3027
1191 1730
1539 1791
980 1891
3746 3846
1806 1866
188 252
2188 2602
3307 3341
445 520
2462 2611
1393 1522
2793 2989
2237 2655
946 1083
2976 3118
992 1798
2210 2324
1416 1467
2906 3104
2207 2426
1946 2433
2190 2340
1367 1488
2250 2461
1256 1409
1375 1644
107 1752
3510 3761
1009 1257
3035 3049
2339 2392
2081 2282
2213 2550
1865 1911
1943 2339
3522 3677
1238 1293
1590 1782
1312 1768
434 492
1125 1612
1994 2347
994 1525
3167 3385
2206 2586
3609 3721
2520 2560
2117 2530
257 258
2101 2394
2258 2564
2170 2650
2324 2369
496 515
3456 3461
1941 2007
2146 2181
2108 2278
1149 1724
2137 2468
1505 1666
1173 1522
1367 1757
2292 2384
1543 1692
0 224
2312 2400
1557 1827
980 1491
1921 1968
1269 1823
1437 1605
0 266
2791 3088
2506 2526
3483 3617
3546 3949
2104 2353
1449 1612
1942 2443
1246 1785
1927 2297
364 441
2112 2601
1199 1255
1732 1820
2665 3017
1912 2298
2378 2647
2122 2418
2133 2210
1001 1124
2218 2266
858 870
1361 1589
3135 3433
4009 4023
1222 1437
2185 2289
423 651
2901 3113
1530 1809
3521 3735
3209 3260
2040 2468
1948 2292
2921 3002
2968 3343
1929 2352
1367 1839
395 414
1684 3303
2282 2491
2896 2969
1926 2472
2203 2328
916 1791
1964 2066
438 606
1391 1795
1608 1823
2115 2586
1021 1115
2133 2608
2024 2365
1003 1431
1031 1098
2083 2104
2300 2506
2030 2573
2546 2625
2240 2468
1291 1813
1765 1883
2082 2540
2073 2088
1070 1745
1520 1589
2220 2607
1318 1427
917 1661
3440 3703
1184 1799
1314 1895
1554 1600
409 525
413 465
3077 3086
1960 2035
1943 2084
1077 1202
1467 1888
925 1617
2292 2400
1691 1875
2937 2992
2161 2232
3662 3745
1006 1172
809 817
1918 2218
2526 2549
2143 2250
563 1338
3000 3435
2756 3135
2142 2601
2104 2123
1966 2654
353 1425
3056 3065
1652 1665
1962 2553
2287 2507
107 1208
774 810
2078 2484
2755 3348
1007 1067
1652 1689
1912 1970
422 438
3111 3224
3096 3362
1983 2200
1481 1828
3721 3938
3478 3964
563 1070
3140 3321
2698 2866
1557 1861
1173 1517
1238 1302
2161 2594
2133 2153
2153 2509
3529 3601
1126 1380
982 1714
686 755
1981 2344
2131 2521
2196 2589
1235 1423
2409 2430
2037 2261
2187 2247
1936 2248
1699 1794
1196 1852
2045 2121
1847 1866
2992 3107
3046 3209
2319 2592
2118 2374
748 817
2104 2611
3586 3889
2324 2433
1189 1226
2591 2600
1390 1589
1647 1716
3437 3481
2098 2201
3656 3830
596 678
2778 3051
927 1026
3687 3804
1024 1267
0 297
1198 1399
2285 2555
1246 1481
2139 2600
2795 3374
0 102
2164 2266
1726 2744
1289 1619
1339 1688
2117 2153
2326 2615
1036 1192
3790 3845
697 748
107 1908
1256 1520
2787 3034
3332 3350
2264 2394
107 1037
1367 1816
2578 2646
2539 2615
1017 1547
1943 2430
107 1093
1962 2109
465 495
1271 1302
2077 2266
2647 2657
542 560
1014 1303
2199 2399
200 276
2836 3019
751 828
432 506
438 460
3321 3344
2142 2309
2960 3414
1935 2633
107 1287
3480 3693
2414 2418
2306 2482
1385 1778
999 1076
1939 2264
2326 2590
2327 2372
960 1619
113 304
3025 3104
3189 3395
2032 2180
3718 3951
1283 1384
3671 3821
428 1114
1135 1173
2586 2630
3239 3330
2121 2499
1347 1432
3471 3475
947 1714
2233 2575
13 56
586 646
1862 1903
1243 1754
1300 1694
1125 1663
1204 1502
1390 1757
1415 1482
3079 3172
1973 2636
2306 2526
107 1874
997 1898
3277 3344
3111 3118
3395 3415
957 1432
1303 1426
1204 1583
2686 3395
2039 2420
2064 2136
3611 3842
3203 3299
3033 3096
3497 3672
3339 3400
1423 1576
2912 3426
1334 1734
107 1897
2411 2412
983 1888
2128 2278
370 553
2180 2347
1132 1804
2986 3114
1231 1350
1192 1573
645 683
1973 2159
1983 2532
2229 2638
2073 2551
1345 1884
1577 2592
3026 3238
67 323
376 419
1598 1888
1604 1609
2526 2601
1269 1431
1979 2631
2755 3417
3049 3152
2497 2503
388 548
2986 3232
3568 3810
404 542
1102 1729
3479 3919
1352 1557
2308 2374
2032 2635
2754 2872
3741 3852
2326 2418
2128 2135
4000 4021
2881 3378
2148 2351
1130 1163
2233 2430
1216 1548
3443 3909
2112 2233
2031 2325
2705 3085
1971 2550
1086 1436
2433 2492
1269 1879
2485 2492
2409 2546
1689 1714
3486 3826
576 583
2896 3435
631 639
2293 2592
1986 2340
1126 1603
1237 1692
1480 1809
1987 2581
2424 2455
2925 3363
2292 2567
1551 1714
2218 2506
3187 3249
645 669
1041 1496
2074 2356
2665 3249
1021 1462
2060 2154
348 548
897 1553
111 312
526 1217
1035 1531
2347 2423
1912 1984
1918 2201
3021 3252
2769 3300
993 1791
367 474
136 2071
1496 1727
2098 2118
2233 2328
686 756
2007 2174
2418 2590
714 789
2081 2279
1185 1669
1003 1795
3633 3674
1684 2944
924 1482
2748 2818
1302 1517
3076 3145
439 442
1256 1868
3146 3288
1912 1948
1938 2095
107 936
2056 2266
3605 3938
394 511
482 515
946 1886
1947 2512
2081 2194
804 863
2696 2751
2127 2174
1250 1724
2897 3174
1188 1472
1948 2516
563 567
3437 3738
3132 3347
957 1857
1523 1750
1986 2244
1917 2504
2594 2598
2352 2542
1452 1802
870 881
62 261
1998 2097
463 570
686 740
3497 3707
2196 2199
2413 2531
2006 2585
3599 3728
2772 2996
2132 2512
1124 1800
1623 1826
1011 1259
2121 2369
896 1347
2180 2304
1331 1456
2111 2501
3518 3578
1684 3056
1199 1845
1294 1425
1125 1584
3184 3193
3440 3501
2266 2630
2794 3119
1923 2273
2081 2289
80 204
641 1844
2282 2629
1955 2174
1519 1832
2220 2326
1940 2649
2831 2901
2869 3082
3478 3587
2064 2104
1261 1324
1409 1605
2291 2345
1509 1639
1245 1316
34 173
1520 1707
141 271
1334 1827
1958 2116
2319 2496
2694 3388
2038 2336
2056 2630
2117 2325
2560 2606
2084 2504
3342 3345
995 1861
4021 4026
1845 1902
1128 1467
3043 3313
272 304
416 500
3483 3937
966 1331
1684 2882
909 1197
517 524
2145 2325
1761 1888
1945 2445
2054 2110
3604 3605
3113 3272
2427 2512
2666 3384
1124 1736
1554 1717
1053 1062
1192 1231
1463 1804
1389 1391
1983 2590
3494 3690
1515 1706
2383 2428
2518 2611
1485 1769
705 719
3026 3384
2928 3026
2299 2409
1076 1431
3039 3378
2005 2348
2283 2603
2148 2463
3571 3837
2199 2280
2154 2323
2241 2283
2124 2469
2002 2153
2750 2877
2404 2611
3574 3611
999 1017
2386 2593
2244 2631
1684 2690
3605 3838
1431 1471
1590 1735
3214 3221
1217 1575
3234 3400
966 1086
116 312
2546 2638
1972 1973
2047 2127
1683 1800
1987 2510
2756 2773
963 992
483 1565
1095 1210
1999 2018
452 521
1945 2465
2664 2906
2199 2468
2073 2573
1528 1688
0 189
2925 2943
1573 1587
1322 1475
1833 1842
107 1743
1236 1472
1237 1332
1256 1900
2913 3417
107 1405
348 571
2078 2625
3508 3809
1018 1166
1714 1796
2352 2500
1287 1390
2036 2289
2101 2327
483 1616
1448 1576
1128 1804
999 1547
2465 2643
1671 1829
2585 2620
107 1569
2428 2500
3638 3848
953 1813
947 1522
2828 3113
2127 2149
2201 2374
1576 1680
1388 1604
1256 1663
713 760
3596 3913
1912 2347
2237 2354
3102 3169
1243 1612
3599 3835
1539 1789
1675 1717
2726 2899
3586 3697
2384 2400
1532 1623
348 370
2072 2117
1612 1632
3021 3035
1271 1768
2067 2584
3443 3466
2102 2567
1298 1350
2879 2982
2133 2291
3116 3396
1946 2348
2751 2901
1122 1882
436 563
3981 3994
1243 1804
2037 2136
2796 3422
2460 2630
2433 2464
1416 1721
934 1305
2687 2846
1649 1732
3079 3434
3713 3735
617 680
400 434
1512 1790
1101 1205
1041 1541
1006 1839
1235 1680
1663 1723
1918 2561
1017 1291
2915 3362
3437 3710
402 428
2074 2578
1449 1714
1235 1893
2867 3023
949 1472
1078 1826
3508 3598
2074 2078
1912 2320
3033 3065
2800 3417
2992 3377
3636 3722
618 633
3035 3280
696 784
53 130
1338 1366
2042 2653
2030 2356
1929 1993
2308 2646
2074 2244
1376 1516
2103 2549
3474 3630
3240 3386
1399 1402
1018 1573
2104 2229
2063 2326
1989 2404
1483 1842
2142 2482
2684 2976
3450 3604
960 1272
1277 1628
2111 2273
2467 2484
2302 2597
92 266
3830 3966
1230 1597
1471 1610
3553 3629
348 397
1985 2512
2115 2275
2729 2887
959 1391
3574 3877
2354 2550
2191 2643
2129 2440
2069 2410
2032 2071
1287 1559
3505 3753
2187 2267
2318 2419
2815 3149
2352 2520
353 1616
159 281
3735 3867
1964 2174
755 783
369 442
1718 2292
3207 3295
2365 2639
1011 1249
2575 2606
1007 1170
963 1601
1946 2073
56 211
107 1324
2210 2559
962 1677
2196 2543
2872 3149
1222 1359
1684 3377
871 881
2751 3380
2396 2491
1684 2682
1920 2372
902 1036
3463 3591
1661 1751
2451 2598
1037 1469
497 557
916 1563
3545 3722
2189 2458
2280 2390
2889 3318
2410 2476
2778 3366
3822 3896
107 1408
2140 2560
1298 1591
503 560
2937 3434
2821 3166
2283 2293
2005 2559
2477 2559
1485 1637
1942 2201
1577 2117
1912 2077
3068 3168
2322 2642
1146 1551
1132 1230
2241 2343
1205 1488
26 248
1117 1399
2793 3115
2431 2558
1243 1334
2392 2549
3634 3829
3596 3672
637 1012
1984 2213
2283 2399
967 1352
1302 1826
1282 1742
2119 2618
2028 2279
1149 1632
2353 2625
239 313
896 1611
2030 2037
2109 2331
402 415
752 781
2869 3204
2931 3078
688 726
3494 3705
2081 2111
1017 1603
1209 1730
2700 3373
107 1179
2233 2468
1550 1647
902 1322
2132 2280
3078 3098
1283 1817
3464 3761
2064 2206
107 1407
483 1828
2451 2594
2257 2308
2778 2853
2 115
713 752
2271 2276
2841 3389
1938 2334
1917 2469
3509 3855
2945 2974
1932 2071
3499 3793
1210 1606
2093 2550
906 1644
1718 2199
747 805
604 676
366 492
3473 3874
2719 3106
2247 2537
2785 3431
1622 1835
395 637
1160 1707
2042 2180
947 1509
3654 3930
1811 1888
2993 3026
1021 1036
2020 2504
107 922
3680 3826
2309 2353
2074 2477
3804 3902
2477 2520
373 431
1370 1604
1446 1514
2307 2339
2253 2655
1912 2343
1389 1804
3018 3412
1277 1591
1352 1509
1377 1559
1953 2240
1917 2118
414 524
637 1479
1255 1589
363 436
925 1717
2278 2506
819 880
2075 2333
1261 1495
1067 1347
2294 2434
1221 1680
3038 3386
3693 3734
2244 2370
1348 1496
2589 2653
53 194
953 1741
1684 3368
3750 3948
2149 2399
2020 2184
1155 1506
1985 2407
2046 2323
2122 2586
2666 3098
2124 2179
2139 2324
1429 1828
423 553
1149 1845
1918 2290
2737 2937
1993 2308
3726 3829
2009 2640
2290 2323
1742 1820
1574 1870
1305 1610
3321 3391
2110 2282
2323 2477
484 1238
936 1114
492 641
2220 2266
1352 1523
925 1399
2332 2567
1997 2654
2426 2553
2793 3027
1917 2429
1076 1156
2279 2327
2150 2478
1985 2549
2446 2615
1160 1487
3529 3752
2176 2344
2042 2598
1230 1620
995 1488
3297 3381
3026 3078
2414 2477
1405 3001
144 226
2970 3416
1039 1388
3822 3909
158 248
2459 2645
3082 3113
2924 2945
2680 2917
1281 1502
1128 1344
1015 1315
486 516
2223 2498
2494 2660
925 1877
1024 1888
1281 1893
2937 3422
3618 3842
1079 1340
1441 1822
1912 2563
1192 1661
3506 3786
3437 3866
3299 3403
3281 3320
2862 3084
1381 1459
2464 2485
3677 3888
3161 3245
1512 1740
921 980
2742 3021
3528 3860
2906 3026
3557 3635
2043 2564
1014 1322
3252 3291
2115 2334
3833 3896
1456 1886
2686 3264
823 840
1209 1735
1979 2216
2319 2567
2873 2994
703 764
3020 3205
2630 2655
1582 1828
2062 2396
941 1281
2780 3089
783 809
1465 2191
1021 1729
3500 3641
2020 2046
2087 2203
2348 2550
1945 2127
3859 3861
823 828
1307 1555
2308 2556
1170 1273
1946 2136
3097 3157
1684 3298
1227 1379
901 938
942 1404
1473 1574
960 1799
2750 3056
47 301
526 1278
1348 1815
2253 2306
2683 2890
348 546
1420 1422
2765 3252
1946 2311
589 605
1916 2343
2369 2579
2099 2358
3136 3256
2072 2224
1373 1596
1408 1453
1211 1230
2689 2943
3593 3793
1502 1783
2417 2459
1340 1826
734 803
747 763
925 1377
1230 1911
2002 2304
196 285
1044 1857
1257 1404
2172 2554
1184 1551
514 669
1066 1396
1199 1291
1684 3167
161 203
616 663
2154 2489
2359 2418
1277 1413
2149 2516
2000 2050
1918 1941
1929 2356
3632 3720
2468 2630
227 278
1483 1669
3075 3313
2512 2598
2909 3363
2806 2919
1522 1879
1086 1516
348 460
2199 2243
2001 2472
2461 2588
1551 1707
1974 2505
2813 2883
1917 2573
1303 1812
2083 2108
2104 2467
1175 1180
2446 2575
3437 3926
1106 1131
1471 1712
1668 1868
3206 3355
2057 2215
2951 3087
987 1177
3593 3631
1684 3144
2103 2563
1945 2072
2203 2461
122 123
1539 1551
2521 2646
1597 1804
2030 2526
2916 3129
1017 1632
2141 2642
1307 1615
1739 1906
1188 1366
3062 3168
1107 1341
1205 1793
3555 3600
495 570
2032 2543
113 122
2781 3049
3526 3629
1946 2258
2910 3363
1642 2999
1671 1743
1219 1902
1099 1373
2963 3084
3483 3724
1796 1804
2276 2374
641 1565
1941 2592
2206 2655
1347 1680
2138 2643
2543 2601
1941 2516
916 1361
828 835
1689 1891
348 505
2145 2502
2133 2199
1983 2220
2022 2640
136 2153
1920 2512
2694 2863
2040 2460
917 1371
1416 1886
2749 2864
2464 2625
1926 2149
2757 2763
1390 1488
1168 1472
1399 1736
1943 2112
1042 1634
2353 2600
0 14
2220 2307
2085 2091
2960 3158
1330 1483
1250 1752
1079 1613
54 329
1390 1467
760 781
2045 2460
3032 3140
743 833
1361 1718
374 669
1984 2521
1273 1786
1029 1346
1024 1571
1512 1767
67 334
3040 3399
128 169
1964 2085
1079 1267
2118 2287
967 1110
1912 2030
1993 2179
3642 3828
2340 2520
1929 2619
2793 3386
1459 1783
1197 1851
2386 2464
107 1175
431 514
2546 2551
1962 2554
3449 3625
2129 2577
1029 1902
1614 1867
348 549
2927 3054
734 847
2282 2642
2208 2560
2060 2121
2400 2531
1918 2046
1029 1620
2353 2550
2053 2537
2267 2385
930 1142
3553 3599
1689 1730
2074 2339
2290 2624
715 827
1319 1747
1577 1947
1943 2604
1684 3177
423 591
1335 1714
1175 1547
118 211
2028 2174
2080 2236
1436 1444
36 281
2087 2180
2088 2602
1458 1480
1589 1879
1250 1271
405 478
0 72
3684 3736
408 538
366 1631
3076 3279
428 614
1669 1741
2088 2220
1108 1824
449 543
2033 2200
1128 1269
1160 1868
2689 3348
2124 2326
1668 1833
2290 2407
2368 2377
2333 2432
1973 2319
2203 2267
0 177
2687 3212
2224 2508
1947 2501
526 1768
3016 3154
2212 2563
2953 2969
2059 2468
1335 1584
2246 2510
2088 2257
1577 2038
1912 2285
1211 1689
1121 1541
1102 1871
2078 2142
2098 2340
2282 2377
1431 1832
2084 2108
368 431
2683 2854
186 323
1172 1480
2309 2339
1684 2948
2818 3261
1986 2536
1214 1757
2967 3363
1912 2212
2210 2551
2465 2592
1125 1207
2154 2430
1115 1862
1219 1553
1520 1551
2039 2068
2118 2200
2501 2560
2309 2554
2354 2560
3046 3146
2040 2601
3576 3605
1126 1741
3052 3384
3694 3816
901 1548
128 322
1120 1576
3587 3747
2773 3029
1049 1376
2073 2212
1337 1585
2172 2485
1003 1707
2806 3234
2164 2369
2753 2901
168 277
422 653
359 547
2386 2575
3174 3348
964 1109
2055 2059
1513 1622
1929 2115
1912 2088
1918 2624
1986 2069
3144 3346
2945 3417
107 538
967 993
969 1704
1049 1623
1684 3312
1101 1556
2336 2343
1985 2506
2090 2253
1196 1272
2601 2624
1637 1768
3437 3701
483 1512
2121 2309
2319 2491
2032 2187
2851 3139
932 1509
2240 2578
3534 3758
1794 1844
1367 1826
2904 2946
1223 1371
1746 1789
1485 1799
1221 1691
1980 2435
1163 1181
2133 2189
2356 2464
3001 3246
2047 2425
1130 1750
2863 3381
1443 1531
828 834
921 1182
1170 1406
1509 1659
107 925
1940 2330
1444 1713
2350 2615
1369 1769
3526 3553
2190 2607
1009 1862
1372 1910
2216 2404
1621 1902
2994 3149
3514 3687
25 236
1912 1913
1199 1823
1341 1663
2455 2587
2055 2369
2344 2463
107 990
3150 3342
3557 3604
1985 2334
3198 3255
953 978
2201 2579
1707 1752
1238 1867
1142 1695
2207 2513
1986 2376
2154 2240
3076 3101
3214 3337
3203 3240
1136 1360
1912 2639
53 88
1551 1663
2040 2210
2381 2590
2122 2619
2038 2582
2047 2065
2093 2602
2327 2537
1261 1907
946 1750
1925 2615
2053 2071
1811 1861
1945 2419
1663 1877
2244 2551
1286 1887
701 713
1912 2180
2751 3357
898 1316
3076 3262
82 199
2088 2443
3111 3320
2180 2267
1570 1734
1710 1730
1086 1730
1489 1893
1979 2391
1684 2706
1539 1639
2108 2654
1329 1431
1182 1334
359 475
2261 2468
1197 1788
1524 1623
1979 2121
605 626
635 662
2112 2619
2176 2498
2115 2549
946 1597
897 1522
484 1237
641 1881
1923 2205
2331 2606
1235 1873
732 788
2200 2240
2050 2447
2164 2348
107 1147
3561 3964
2199 2344
2396 2438
507 515
2145 2612
3185 3272
1124 1359
3060 3150
2553 2586
2858 2923
3172 3434
2847 3307
1014 1423
1220 1571
1684 2847
68 99
959 1199
1272 1590
2090 2619
1426 1573
1170 1745
2299 2467
2352 2615
2983 3020
1229 1596
1330 1619
2052 2199
2991 3101
3081 3138
1942 2478
2114 2176
1962 2184
2283 2519
946 1683
2355 2531
1923 2031
2353 2542
1757 1898
473 495
2914 3209
1912 2232
2132 2438
2250 2555
3378 3381
915 1110
1768 1842
2143 2199
2074 2619
1059 1522
993 1685
369 424
2773 2873
1652 1653
1009 1066
1598 1842
1979 2414
107 957
927 1175
1964 2322
2757 3284
1979 2088
735 856
1367 1659
2365 2447
372 444
3152 3280
1345 1573
2800 2897
1916 2434
906 1795
3437 3568
2201 2554
2059 2414
2045 2112
1947 2547
2449 2611
1363 1629
1052 1686
2010 2616
2427 2429
2950 3357
960 1024
1703 1876
983 1542
1006 1598
348 447
1954 2463
3512 3737
3635 3790
705 830
2188 2244
1447 1470
1758 2979
1966 2150
1979 2477
2065 2385
3076 3422
2176 2525
373 548
2981 3114
903 1468
2033 2233
1491 1669
537 559
2233 2606
1329 1612
1367 1516
2187 2315
2278 2303
2376 2646
1366 1584
1246 1749
1047 1407
2078 2586
1112 1572
2218 2446
1289 1668
2278 2553
1113 1744
1963 2485
997 1470
2992 3113
2970 3102
2052 2368
1884 1903
2006 2014
714 806
1977 2036
2220 2446
1390 1608
2071 2151
3362 3363
2068 2385
2319 2372
2468 2563
2906 3324
1236 1355
2370 2611
2213 2556
1600 1761
2220 2602
1947 2151
1162 1831
1644 1717
2058 2139
3185 3347
2064 2300
1243 1800
1666 2883
2863 3097
2038 2372
709 840
3596 3930
1548 1568
3656 3750
414 553
2157 2225
1334 1554
2931 3257
2353 2521
2526 2560
1953 2064
1941 2590
2324 2340
1984 2037
363 1425
1231 1475
492 567
1409 1845
2302 2598
1912 2543
1927 1957
2122 2560
1598 1794
2008 2126
635 640
353 1114
3553 3867
2190 2237
451 567
548 556
1929 2093
500 527
2043 2356
1962 2611
2007 2649
2361 2397
2122 2165
1587 1647
2866 2913
1135 1646
1942 1984
2347 2539
1361 1619
1912 1917
947 1730
2410 2564
1959 2420
2874 3284
3601 3818
1286 1893
2090 2237
2812 3187
526 1630
2343 2616
1205 1669
1199 1288
2065 2536
1190 1515
1305 1563
1109 1496
2683 2738
0 336
2294 2629
368 404
2112 2590
954 1282
429 455
2083 2123
2974 3284
997 1331
2915 3435
1101 1902
2719 3145
1124 1675
20 115
2019 2067
1684 3240
3466 3738
1104 1479
2853 3120
1192 1413
2042 2133
1006 1101
2107 2412
1989 2083
1246 1569
1917 2095
1503 1729
1173 1359
3677 3930
2866 3056
1917 2218
1932 2072
2381 2542
2669 2757
2871 3369
1702 1805
2492 2543
2064 2115
2675 3341
2384 2399
2200 2504
2756 2915
1912 2141
418 432
2756 3073
1117 1205
2064 2551
1250 1340
1577 2468
1234 1356
1920 2042
1025 1334
2862 3029
2139 2446
2053 2398
1867 1886
1328 1825
2861 3053
2408 2552
3077 3168
1066 1504
1966 2619
1912 2204
25 176
1793 1842
2370 2539
2109 2602
373 378
3027 3217
2286 2411
3000 3104
1273 1649
1589 1734
2741 2873
21 127
1345 1426
1070 1429
1681 1699
2045 2244
2324 2579
2077 2638
927 1724
1126 1196
1912 2360
2986 3228
1429 1515
592 622
107 1820
2877 2967
2148 2555
2750 2944
79 200
107 1876
1117 1584
1577 2071
2775 2947
1684 3335
1467 1488
2109 2229
199 322
963 1802
2363 2369
627 675
2206 2546
2869 3201
1222 1813
1227 1459
2038 2610
1138 1562
1085 1360
902 1227
1169 1306
1335 1663
2920 2940
1433 1698
1946 2654
2010 2071
3815 3921
2573 2579
2086 2140
2915 3026
1971 2409
2135 2420
1048 1393
2822 2999
1132 1712
1513 1590
2676 2717
936 1122
1175 1675
952 1603
947 1539
2231 2322
186 322
915 1142
2209 2289
473 479
1945 2135
2370 2507
2279 2384
2233 2542
2244 2553
2258 2507
2742 3411
3593 3601
2006 2024
3463 3558
2927 2928
1960 2313
925 1524
409 492
1356 1831
3177 3241
1479 1857
432 504
0 264
2105 2238
1525 1634
997 1483
2273 2294
698 857
1099 1812
3113 3148
927 1290
375 525
2061 2202
2093 2546
2999 3222
376 436
2839 3163
2210 2215
2363 2539
1303 1427
107 1186
2386 2526
1164 1603
1983 2586
422 584
2237 2306
2010 2292
1946 2606
975 1192
2143 2616
2681 2969
2418 2638
2165 2212
3612 3937
2124 2552
2003 2111
2033 2331
1959 2471
2228 2628
1123 1271
1659 1717
2018 2159
1153 1757
503 517
21 308
2142 2500
2078 2359
174 293
2858 3072
3479 3613
136 2653
1302 1589
2891 3142
107 1795
1079 1377
1015 1576
2500 2654
2359 2553
1163 1879
2414 2478
1182 1669
1078 1219
993 1128
2142 2408
1663 1816
2033 2287
56 199
1214 1668
2117 2491
1329 1409
3437 3767
1912 2564
2072 2254
997 1024
86 225
2093 2543
2714 2979
2257 2559
2985 3426
992 1568
2027 2346
2241 2445
2151 2174
1413 1783
107 1790
1124 1201
2561 2576
2059 2244
2931 3129
26 236
0 201
1524 1689
1460 1513
497 513
2698 2877
373 651
1554 1757
1964 2023
1160 1620
823 827
2210 2561
2796 2849
2353 2602
2966 3026
1101 1849
1447 1768
2232 2571
1373 1382
1955 2617
698 866
1632 1644
2395 2539
2212 2460
1409 1621
2755 3284
752 828
1080 1763
2914 3013
1079 1539
3046 3109
426 544
1132 1449
1184 1509
2516 2642
1243 1509
559 604
2003 2344
2309 2564
2028 2223
465 507
397 546
948 1543
2097 2647
161 304
2118 2376
3087 3338
1600 1652
2741 2890
370 378
2839 3293
2729 2821
3469 3668
3884 3930
2800 2956
1024 1800
2834 3318
763 804
2180 2250
2769 2807
2279 2399
1918 2184
3605 3635
1334 1818
1269 1757
606 1548
2414 2492
907 1730
1920 2117
2931 3384
2118 2638
2064 2354
483 637
1482 1525
2206 2428
3714 3951
2007 2471
2187 2608
1992 2466
1547 1757
2176 2254
348 450
996 1087
2199 2338
2730 2951
1086 1547
993 1290
1942 2067
2390 2394
2200 2257
1467 1886
1341 1376
3877 3929
1456 1879
1009 1381
2423 2593
793 836
1684 3054
2676 2839
1912 2043
1079 1688
3116 3419
3214 3365
988 1893
1182 1768
3497 3542
2409 2410
1106 1304
1946 2546
1941 2005
2059 2546
1916 2544
1175 1867
1126 1470
2124 2532
211 342
397 544
1912 2400
2005 2299
1936 2335
2028 2510
1079 1610
2724 3133
2200 2500
651 1080
1545 1574
1359 1608
107 1637
3640 3670
2105 2342
2176 2475
1365 1420
277 291
2684 3262
1929 1943
701 777
2133 2194
2150 2258
993 1135
1298 1857
1255 1643
134 248
1737 1796
927 1467
1983 2454
2354 2579
990 2760
2145 2416
3437 3858
2694 3108
2040 2229
1051 1699
2741 2988
1971 2624
2140 2506
1684 2673
3111 3157
957 1732
1527 1642
925 1126
1068 1665
967 1305
94 180
619 644
1457 1816
1118 1880
1292 1862
2323 2553
582 583
860 1684
1211 1663
200 232
1997 2108
17 144
1377 1520
1352 1663
3618 3968
3272 3381
2007 2468
1456 1524
2680 3339
3523 3649
2177 2333
2138 2508
1983 2229
2150 2602
1520 1761
1941 2021
967 1891
3765 3830
392 487
1549 1574
1970 2110
2154 2376
2111 2652
428 1358
3446 3549
107 1285
2754 2920
1077 1465
1185 1255
925 1431
2030 2376
1225 1748
361 470
1817 1846
1918 2088
2725 3302
5 187
1993 2630
2072 2568
897 1361
1993 2507
2717 3142
1083 1714
2353 2356
2754 2896
2778 2992
1116 1230
2460 2638
2149 2319
1271 1331
2875 2958
2253 2395
2223 2347
2960 3000
1209 1724
1964 2335
2063 2485
1009 1790
2112 2131
3443 3906
3120 3198
2829 3001
2002 2132
2045 2539
3082 3148
1535 1898
2220 2408
2187 2491
1912 2136
2138 2344
1918 2353
1580 1800
1746 1793
1014 1655
1420 1761
1931 2006
1941 2379
1912 2592
1923 1945
2395 2468
2213 2369
2866 3195
26 172
0 127
1075 1290
1448 1655
2007 2199
1982 1988
724 777
2897 3228
1199 1746
2273 2629
2313 2540
2190 2331
2159 2365
2973 3320
1591 1807
2030 2489
1995 2640
360 542
2146 2173
741 828
107 1586
2669 3274
907 1845
1985 2347
2273 2598
2187 2223
2711 2758
3437 3656
1238 1431
2363 2619
2289 2445
2115 2122
1584 1888
1971 2059
2216 2410
2295 2557
1997 2352
1991 2027
1255 1622
1938 2172
107 970
1207 1598
1250 1352
2240 2489
2828 3261
2093 2655
1535 1842
1964 2236
2083 2564
2414 2625
107 1281
1328 1511
1337 1909
2147 2391
706 847
2120 2577
3557 3858
2073 2467
14 343
2133 2512
2103 2139
3518 3790
1926 2398
1170 1495
2039 2592
986 1536
3177 3285
107 1623
1017 1126
2242 2425
1925 2266
1912 2448
1824 1893
2797 3076
980 1559
2202 2647
3013 3397
1004 1603
2266 2288
1938 2140
2354 2418
2078 2271
1006 1288
1622 1712
2854 3286
2424 2659
1610 1639
3703 3938
2944 3023
2223 2510
1399 1597
1360 1494
1663 1826
2240 2646
2132 2603
3466 3972
2894 3011
272 281
2553 2630
1006 1398
2968 3020
3004 3078
2786 3284
112 174
9 21
947 1341
1955 2289
3521 3876
2232 2367
2279 2491
2138 2465
2225 2645
1418 1472
2793 3332
2206 2244
483 1490
2201 2278
1663 1861
736 742
1950 1957
1945 2417
426 510
1522 1799
2223 2436
2499 2560
1073 1528
686 848
62 224
628 647
352 394
1929 2164
3540 3797
2063 2423
2183 2518
68 143
1912 1927
1036 1862
1017 1330
136 2461
2377 2399
990 3164
2138 2315
2218 2574
3076 3332
921 1334
2730 3189
1092 1768
1189 1348
1938 2418
1980 2061
3790 3902
3277 3397
86 227
967 1149
933 1661
1098 1328
400 537
1714 1768
1004 1290
211 315
1993 2607
517 637
2131 2356
2033 2374
2664 2915
2330 2491
1029 1730
2833 3434
3185 3320
1465 2042
496 591
1132 1330
2118 2339
2676 2985
2139 2495
1298 1404
2969 3220
2390 2652
2460 2601
874 887
378 514
3005 3039
1848 1894
2775 2845
3210 3346
2715 2831
1185 1509
2482 2623
0 196
2423 2507
1048 1724
2040 2147
1075 1112
2299 2591
1100 1550
1932 2333
2001 2645
2902 3180
1613 1753
1941 2602
1941 2347
1468 1568
72 239
2088 2578
2144 2333
2904 3272
2053 2547
1219 1730
1210 1294
419 471
1684 3148
1516 1668
84 237
1011 1469
2122 2359
1577 1913
1806 1908
2586 2611
1979 2021
2434 2501
1132 1351
1329 1819
2058 2395
1067 1655
748 764
778 812
1971 2064
3737 3790
2526 2553
2031 2211
2920 2924
2907 3073
1242 1752
1619 1663
2275 2539
2764 3340
1953 2206
2567 2629
2138 2598
186 277
353 400
1718 1817
2237 2615
2247 2267
2901 3397
930 1882
2257 2323
2189 2327
1913 2530
1576 1578
1634 1876
3782 3818
2032 2338
2904 3201
1258 1275
2464 2574
2131 2495
2116 2355
3106 3342
573 622
2074 2184
3443 3645
2093 2526
659 665
1789 1827
2189 2203
2398 2547
1079 1741
2052 2616
1646 1813
2354 2381
2395 2506
2460 2654
1269 1302
2229 2521
2550 2551
492 497
1184 1736
975 1277
1315 1611
2928 3293
2240 2258
2261 2340
1056 1793
2196 2472
2090 2140
1300 1645
1597 1621
3005 3136
1216 1424
1449 1804
725 839
1770 1906
2191 2555
204 277
2154 2630
2828 3035
630 653
1538 1874
483 544
1959 2081
3396 3403
1955 2594
1508 1894
2002 2054
2607 2655
1525 1745
2240 2408
1385 1545
637 1277
127 309
779 780
1124 1637
662 665
1516 1761
2128 2310
1718 1780
2188 2543
2244 2495
2266 2611
766 828
2007 2429
1312 1835
2040 2347
936 1320
1390 1471
1972 2472
3438 3877
1236 1650
2546 2600
921 1612
1565 1602
2098 2109
2974 3158
1591 1649
2209 2419
3072 3253
2001 2192
1580 1888
1129 1573
348 459
916 1456
1559 1639
705 773
1239 1730
2606 2611
3557 3627
1078 1867
963 1333
455 497
3285 3371
1375 1735
1997 2005
954 1824
1471 1561
1695 1766
1060 1742
1957 2116
9 56
226 343
2719 3111
739 840
701 830
1921 2533
2037 2257
1311 1472
2206 2429
1746 1757
1277 1286
2827 2994
422 609
482 497
136 2081
1743 1829
2631 2655
144 151
1383 1594
2810 2839
3152 3351
942 1303
1333 1629
1943 2037
2835 2940
3474 3602
2675 3136
1175 1774
2504 2520
1577 2224
3731 3926
1028 1352
1182 1663
2123 2556
356 472
2742 2765
2201 2560
2045 2542
2800 2864
1049 1290
1943 2103
2033 2340
2266 2468
3437 3755
2300 2391
1571 1604
1347 1479
932 1580
1271 1663
2054 2643
107 1266
2833 3297
3717 3830
1403 1499
2867 2928
984 1396
2940 3348
2108 2118
1440 1883
3466 3956
2092 2189
961 1197
2030 2088
3382 3423
2986 3073
1164 1730
417 538
429 529
3137 3348
353 363
1584 1714
2757 2896
2060 2369
2088 2655
1649 1786
2179 2363
1209 1757
2266 2560
1943 2092
2103 2476
3033 3108
2676 3226
1269 1516
2381 2563
994 1427
1984 2329
2276 2630
1958 2640
3086 3346
1211 1623
1185 1491
1177 1499
1352 1376
1817 1858
496 507
1953 1993
2403 2503
2579 2615
483 1429
366 1397
1684 3163
2103 2409
1993 2306
46 278
1929 2462
348 381
2139 2586
2561 2630
2045 2216
2374 2410
2225 2639
2663 3430
1028 1888
1205 1796
1923 2525
2190 2542
423 497
1485 1730
2307 2655
1332 1543
941 1824
53 302
2306 2601
913 1709
439 517
2551 2552
1469 1633
1390 1516
3243 3417
2216 2266
2910 3056
2237 2464
326 343
517 1512
2039 2385
2611 2631
2108 2229
1227 1282
1547 1800
107 1332
461 492
1988 2399
1819 1827
1014 1848
25 203
2395 2579
1423 1691
1575 1761
1078 1420
1984 2460
3069 3140
916 1632
517 1374
203 341
1308 1310
2887 3084
1945 2616
2756 2786
1072 1259
2574 2625
1026 1185
810 842
2098 2150
2291 2318
1938 2056
1472 1681
2020 2118
1665 1842
2290 2306
1051 1525
1123 1735
622 639
17 115
970 1687
57 213
1180 1483
772 856
2326 2560
2190 2546
1966 2172
1241 1649
2071 2333
1963 2278
1612 1886
3295 3415
414 638
2347 2351
3017 3299
2715 2723
3281 3377
857 3621
1126 1551
2179 2484
2038 2189
3722 3921
2210 2423
3053 3122
2039 2598
2123 2261
2931 3137
1097 1798
2001 2061
1067 1298
2283 2642
2781 3419
988 1462
1528 1710
2031 2047
409 494
2218 2427
2810 3220
2073 2172
1993 2309
1376 1637
2965 3051
3488 3902
2067 2334
1214 1622
1912 2159
3628 3725
3106 3203
3685 3698
1048 1367
1929 2369
348 504
1390 1737
686 786
917 957
2676 3096
410 568
2135 2267
2308 2467
107 1695
2706 2743
578 599
3152 3258
2306 2579
2124 2404
2174 2594
1985 2428
493 503
1032 1324
1306 1472
2340 2613
784 853
896 1790
408 536
107 1080
1921 2639
2148 2472
686 838
1932 2039
366 434
348 466
3469 3881
2141 2176
1983 2427
1400 1645
2053 2511
1347 1786
3274 3397
2755 3399
719 733
3000 3363
1551 1559
2063 2408
3104 3390
46 177
2111 2508
606 1358
1540 1652
3017 3182
1986 2602
1971 2556
2267 2304
2073 2593
2936 3051
2485 2591
2969 3056
1938 2392
107 1837
431 651
3224 3240
1983 2212
2768 3151
2181 2412
1335 1799
13 188
3495 3872
1454 1875
2024 2648
1761 1791
2150 2276
2037 2045
2515 2650
2059 2381
2210 2271
3079 3386
2428 2495
1210 1320
1100 1647
1083 1402
824 829
1329 1902
170 268
1367 1867
2351 2465
2053 2135
971 1489
2092 2331
1945 2283
1918 2602
2873 3384
1979 2136
1684 3040
2005 2638
1630 1770
107 1657
3219 3330
2059 2339
517 905
2330 2510
2128 2143
1041 1275
2064 2150
2419 2511
1945 2071
2102 2268
373 491
1962 2055
2719 3288
2823 2875
1376 1590
2836 2841
115 262
2840 3017
2681 2862
946 1793
1390 1447
461 548
374 506
3463 3794
1211 1361
1076 1551
2103 2326
2069 2601
2947 2962
1987 2134
484 1694
2507 2593
2664 3022
1309 1582
3437 3499
3633 3796
2077 2586
2090 2165
2192 2657
1130 1219
2484 2554
1037 1650
2772 3256
1291 1810
1058 1552
2407 2500
2856 3329
1513 1846
2946 3215
141 280
1290 1791
925 1557
1381 1573
2137 2153
424 516
1985 2352
3136 3365
1746 1867
2134 2180
3107 3242
2326 2539
3166 3232
1175 1230
3265 3280
1584 1683
185 188
2159 2657
900 1553
538 561
107 1492
2376 2606
3220 3417
713 745
2005 2200
708 747
3109 3299
2867 2944
1083 1551
1701 1838
1012 1318
3577 3625
1003 1488
1280 1741
857 868
3082 3291
2253 2469
370 563
2039 2511
1229 1578
2164 2551
2331 2504
0 217
1471 1556
3997 4021
55 239
2237 2551
1538 1621
2370 2446
3041 3240
2264 2465
1610 1902
1256 1271
2011 2192
2108 2615
3176 3412
952 1004
1392 1628
2206 2354
2430 2607
1112 1724
3158 3433
2401 2515
3590 3835
3609 3756
1684 3140
3106 3434
2038 2254
199 223
2199 2294
3364 3433
3136 3189
2086 2290
3119 3135
376 420
917 1099
2176 2598
3683 3948
3335 3351
3735 3921
1529 1650
1479 1587
2980 3267
2283 2516
1013 1549
1059 1329
2323 2574
2043 2506
1943 2395
2698 2927
1279 1479
1577 2377
2871 3136
2782 3195
3320 3377
2833 3051
2084 2551
2334 2551
1431 1809
2755 2872
2482 2631
936 1767
2062 2221
370 420
1912 2394
2087 2241
1242 1291
3437 3651
2374 2561
1994 2629
1101 1289
1175 1280
1959 2508
29 40
374 461
1291 1839
3399 3433
1086 1823
2254 2475
1684 2749
1172 1604
2266 2290
1181 1352
780 830
1460 1637
1962 2131
488 524
2784 3342
719 848
2542 2623
1302 1888
1288 1619
1912 2432
1078 1849
718 809
3076 3367
1117 1272
1198 1721
1175 1222
3486 3506
1222 1717
981 1120
1036 1227
2150 2300
2407 2414
2675 2781
1532 1827
2211 2325
2232 2327
3087 3219
2292 2653
2956 3435
2328 2531
579 685
1260 1472
2063 2352
2433 2625
2944 3363
1392 1899
3636 3921
1019 1279
980 1861
2502 2519
1600 1804
2423 2578
107 566
2387 2584
2054 2653
107 1196
2323 2381
1390 1653
3261 3274
3069 3154
2492 2552
958 1895
2703 3314
995 1238
2140 2218
2426 2490
1962 2613
2043 2309
1650 1727
2072 2187
1944 2480
3142 3284
2786 3213
997 1256
3204 3378
1160 1243
811 890
2668 3117
1095 1300
1914 2657
1367 1735
2064 2495
815 845
579 619
1004 1163
2433 2553
2020 2124
1591 1764
2143 2498
1139 1504
1563 1810
1983 2623
363 482
1265 1269
3601 3786
2827 3054
2509 2518
1496 1574
2063 2560
1521 1626
1137 1733
1524 1746
2594 2617
1980 2648
2127 2384
2073 2553
1939 2161
2915 3304
1015 1682
2758 3233
1987 2047
2447 2660
2063 2500
2002 2347
2715 3276
2410 2460
916 1370
1656 2826
897 1590
2499 2550
1004 1287
2161 2471
1512 1673
595 681
1918 2244
898 1081
3604 3861
566 1128
2669 3022
3008 3309
2088 2552
2206 2323
461 542
2271 2414
1672 1739
3299 3342
1126 1163
2026 2250
3731 3785
908 1360
376 473
1997 2552
954 1245
3213 3324
20 326
2915 3096
1146 1391
1753 1886
2063 2233
1370 1612
1037 1525
2719 3204
993 1341
1331 1390
136 2133
1918 1997
107 1475
2173 2335
764 779
169 257
1246 1862
1211 1243
2026 2592
2786 3363
2045 2095
107 915
2103 2118
2150 2499
2032 2465
1939 2319
1308 1703
3223 3366
1180 1280
2165 2329
2063 2142
3417 3435
0 76
1678 1717
3113 3277
3696 3747
2931 3085
1946 1989
906 1796
3099 3329
1207 1359
2446 2553
691 833
1462 1884
1130 1199
2664 3096
2328 2649
2573 2602
2099 2199
1376 1750
2045 2233
3182 3225
2035 2107
2329 2559
2410 2469
1516 1810
2047 2203
1986 2492
3118 3353
606 1012
1049 1209
2212 2559
2708 2796
2689 2694
2179 2257
2018 2494
3021 3396
2271 2469
1986 2410
3203 3421
1991 2494
2122 2624
1052 1807
2155 2221
1097 1802
1948 2199
1367 1610
3115 3265
1321 1909
2846 3212
2040 2045
1912 2301
0 19
2010 2149
2863 3280
2134 2347
2755 3026
930 1844
1446 1645
2467 2520
1540 1683
1871 1893
7 347
942 1066
1918 2615
2290 2485
2862 3073
1231 1636
2216 2370
531 539
2232 2473
1120 1345
1159 1496
1236 1634
3470 3753
2264 2273
500 503
1160 1214
933 1573
2866 2916
1011 1338
3076 3199
1214 1662
1125 1335
2693 3397
2240 2564
158 304
2742 3345
2840 3377
2056 2188
3162 3302
3593 3768
2944 3324
2084 2206
1993 2564
2676 2994
1954 2627
118 200
2339 2615
2766 2794
1465 1941
1912 2357
2122 2601
978 1557
2042 2196
2374 2409
1335 1621
2919 2943
2030 2561
3027 3380
2482 2549
107 1483
1926 2176
1842 1849
2098 2104
1332 1844
1997 2428
1997 2244
2056 2323
2754 3243
1959 2062
360 444
1524 1580
3672 3877
1964 2138
2290 2352
1947 2111
1603 1736
2384 2555
2109 2323
376 546
194 249
3025 3363
409 526
2486 2650
2352 2506
1135 1881
334 339
1529 1778
2746 3056
1306 1338
2404 2630
1059 1255
1604 1897
1250 1612
1707 1754
2729 2755
1942 2218
538 637
2043 2532
3830 3930
1917 2005
1932 2052
872 874
1399 1554
1314 1378
2043 2139
1447 1702
1363 1880
2060 2602
688 805
2914 3140
1235 1573
67 169
2171 2620
2133 2176
1190 1786
1217 1525
414 669
2154 2478
1959 2153
2664 2864
603 609
2149 2332
2109 2309
1084 1768
1374 1512
3033 3174
2233 2631
2078 2098
3473 3739
2875 3179
1274 1567
2059 2278
2253 2308
3090 3139
2377 2617
1941 2282
353 651
2103 2521
107 1687
1370 1800
2398 2598
966 1431
1424 1896
3070 3355
13 238
2184 2655
1146 1619
2331 2553
2001 2657
3488 3573
1577 2605
460 563
1144 1825
2679 2756
2376 2549
584 678
2192 2538
3799 3848
2086 2601
1214 1559
1163 1584
3763 3810
2378 2417
1488 1539
3344 3397
2206 2410
1730 1754
2273 2351
181 275
3604 3800
3087 3136
1535 1868
1284 1502
1272 1793
3291 3416
995 1651
1533 1787
1366 1525
2039 2215
1130 1584
1127 1236
946 1267
2142 2655
1149 1746
1185 1809
1423 1628
2020 2278
1290 1407
1589 1637
2136 2409
2190 2482
2164 2607
2398 2419
1081 1820
745 814
56 104
2684 3396
2423 2607
651 1357
1357 1778
1014 1638
2020 2154
738 745
457 505
2414 2574
2949 2997
2369 2392
2069 2536
416 557
2710 3130
56 265
708 840
3104 3293
2862 3286
2218 2408
1085 3633
1979 2090
2867 2946
1337 1567
3702 3830
2294 2537
1465 1577
3124 3335
916 1184
3038 3209
511 512
1524 1572
2071 2282
438 521
2118 2526
2384 2498
2047 2273
2754 3166
1266 1822
1270 1711
862 3437
2849 3239
2098 2323
3158 3195
1470 1663
1591 1661
2081 2609
2958 3178
1984 2549
2339 2551
444 483
2088 2507
3051 3397
1130 1376
1993 2064
1583 1899
2175 2176
1963 2409
3471 3845
897 1467
2872 3362
374 439
3098 3363
1112 1390
1925 2229
1160 1352
2282 2328
2304 2432
2224 2617
2284 2620
2299 2590
2220 2300
1496 1904
1055 1434
2757 2919
354 547
512 561
483 1692
2132 2273
1331 1839
107 1403
2117 2347
1319 1533
2327 2368
3020 3201
2674 3169
2063 2154
2607 2631
2376 2559
143 225
2356 2521
2862 2985
1086 1598
1256 1399
2863 3070
426 471
493 557
1981 2110
2694 2956
3267 3291
2763 2944
3579 3759
1580 1665
1076 1516
483 1751
950 1410
1918 1938
1184 1198
1149 1879
400 580
2904 2914
2086 2253
0 285
107 1811
2873 3129
2154 2275
2074 2140
792 805
3536 3682
354 382
1026 1164
3466 3829
942 1495
3793 3976
1959 2221
2955 3264
1166 1396
1793 1867
1126 1752
909 1889
2120 2160
1021 1720
3651 3750
2061 2097
1422 1730
1006 1800
2608 2649
1347 1573
523 524
997 1804
728 856
2188 2619
373 567
1132 1874
2392 2468
2724 3162
1932 2351
2077 2324
2232 2259
606 1086
2131 2430
919 1032
1763 1882
107 1122
2482 2526
3144 3214
3146 3434
2674 3297
2849 3297
3437 3605
1600 1750
2929 2944
2271 2308
2615 2655
1126 1782
2148 2543
2142 2495
2117 2199
1107 1730
3070 3154
3437 3706
1214 1388
2073 2655
2485 2563
2389 2529
1085 1421
2103 2140
2138 2510
810 823
1939 2183
1916 2298
402 506
156 188
953 1620
647 658
2375 2439
936 1740
2994 3324
2845 3118
2754 3400
3831 3842
2348 2586
3038 3212
2031 2117
2161 2522
1258 1334
2307 2428
2191 2305
1327 1597
1577 2189
2002 2463
2112 2552
2887 3362
2327 2377
1912 2421
2244 2271
1086 1483
2216 2542
2092 2526
1088 1421
3830 3841
1637 1746
1166 1729
2852 2916
713 772
2759 3064
1929 2121
2112 2573
2800 3044
2356 2492
2745 3394
1684 3386
353 482
2354 2619
2755 2925
1979 2363
2030 2212
1405 2724
107 1041
2071 2461
3449 3756
580 1882
1199 1201
1158 1322
1622 1675
1912 2439
1060 1277
1052 1310
3046 3299
3362 3364
2261 2630
414 662
2433 2604
1509 1718
1997 2064
3111 3261
483 497
2730 2938
3051 3162
1099 1204
1991 2006
400 514
1361 1702
925 1323
132 134
1324 1893
2928 2986
1166 1382
1976 2004
1962 2299
1782 1804
1284 1857
1465 2598
2268 2385
1390 1816
1017 1551
2934 3077
1684 3059
431 438
1212 1356
1794 1897
2147 2387
1985 2233
1932 2117
1375 1752
2319 2445
30 56
806 839
2005 2329
1290 1688
2485 2624
1684 3212
1527 1911
1121 1189
188 280
2006 2645
1209 1352
1267 1827
2512 2649
2418 2462
993 1101
921 934
2037 2347
988 1715
1826 1839
493 500
1932 2180
978 1329
2210 2414
2040 2074
3035 3288
25 105
1515 1828
104 128
2139 2551
729 888
983 1409
924 1188
1238 1471
3440 3576
3437 3513
3634 3752
1666 3245
2822 2941
2698 2966
2246 2616
1589 1902
1289 1888
1741 1800
921 1689
580 1606
1932 2368
2144 2153
123 252
2088 2526
2816 3256
2784 3329
2246 2384
927 1334
1989 2059
3312 3393
2763 2891
3259 3330
1942 2142
2073 2090
315 322
1551 1643
2007 2604
2002 2637
1211 1804
1451 1794
2325 2525
2924 2988
686 693
2135 2292
1409 1707
1926 1964
1175 1334
1066 1392
2237 2601
122 232
2319 2516
724 731
2489 2625
2737 3019
1227 1550
1648 1895
1113 1565
3026 3158
506 517
208 332
2386 2477
1941 2131
946 1331
2005 2593
2088 2306
1174 1803
3529 3761
933 1704
1789 1799
619 678
436 646
2679 2738
698 860
1064 1478
967 1772
107 1021
1280 1352
1962 2386
2006 2494
1183 1699
2966 3084
1076 1184
1160 1330
687 730
2043 2428
2246 2498
2278 2604
1047 1290
2339 2586
362 560
1917 1953
2172 2414
925 1211
2839 2890
2673 3023
426 513
2904 3406
3280 3431
1182 1509
1962 2078
612 680
3152 3378
1912 1931
1993 2353
1542 1717
58 2838
1377 1639
2121 2307
2399 2598
2244 2464
1107 1471
2006 2447
2086 2492
3902 3934
1331 1589
2428 2611
2064 2489
459 486
1026 1312
2322 2361
2043 2112
1160 1675
2734 2760
1211 1888
1917 2073
3185 3287
1312 1883
2111 2163
3292 3302
2832 3027
2332 2508
580 1870
1480 1757
2028 2054
2282 2509
2254 2445
2323 2354
2311 2326
1102 1451
2139 2542
2132 2222
2533 2589
1124 1639
2059 2233
1003 1600
2060 2559
3040 3117
1006 1230
391 559
107 1515
2367 2510
2982 3382
98 119
906 1352
2867 3433
2266 2574
2778 3381
1079 1736
23 175
2863 3258
2103 2278
63 342
2052 2102
2669 2943
2161 2294
475 497
2060 2393
1173 1335
2839 2912
2927 3090
2285 2609
3437 3529
2336 2629
983 1456
3124 3173
2009 2337
2927 3065
2347 2573
7 103
1548 1880
1352 1420
2083 2477
2266 2356
3054 3119
1947 2518
2290 2623
726 766
107 1336
1559 1561
1920 2151
187 302
2088 2604
348 431
3437 3744
1205 1280
2555 2608
2730 2863
3078 3384
420 514
2786 2988
1547 1839
1250 1330
1941 2555
1571 1619
1480 1653
3078 3142
1752 1804
1608 1622
1986 2506
2122 2430
2093 2323
1964 2371
3437 3585
3551 3961
2492 2549
686 845
2750 2890
1927 2000
1800 1888
1086 1175
2138 2153
2229 2559
496 641
3513 3932
962 1549
2718 3331
2271 2539
2395 2477
3035 3307
820 834
2887 3119
542 561
3616 3918
1006 1600
2104 2410
2200 2392
3669 3911
2853 3206
2133 2289
1321 1561
1375 1714
1993 2354
2845 2937
1663 1689
3521 3722
1696 1814
1827 1864
2877 3078
1488 1827
903 1629
937 1725
1380 1665
3880 3908
3102 3239
1912 2520
953 1483
3609 3692
636 666
3653 3918
2190 2469
1933 2160
1955 2315
2694 2946
2784 3115
2209 2283
966 1336
1284 1454
1449 1874
2804 3327
2037 2476
1872 1893
1728 1764
2589 2649
2164 2542
2112 2579
2126 2173
2060 2611
2030 2404
1348 1904
1255 1341
1621 1799
1685 1902
1917 2184
611 677
2247 2598
2108 2369
2785 2849
2077 2352
1008 1073
1337 1697
968 1897
3342 3403
2756 2887
2023 2628
1207 1516
2331 2467
1684 3344
2053 2501
2037 2423
2870 3017
2020 2340
1076 1888
2229 2374
3456 3824
2060 2309
1019 1345
2443 2584
2038 2199
1659 1730
2074 2086
2920 3098
902 1611
2088 2521
2352 2593
1339 1826
925 1724
2243 2652
2880 3064
1068 1390
1593 1825
2142 2574
946 947
107 1379
2176 2522
3572 3706
698 769
1986 2216
2730 3191
2546 2579
3030 3080
2232 2313
2062 2222
3113 3169
2892 3415
1741 1879
2190 2423
2751 3353
3132 3145
2850 2906
2724 3168
927 1185
696 805
197 272
2196 2419
3123 3400
916 1799
1983 2122
3151 3312
30 213
2088 2093
1514 1574
1006 1289
469 554
1553 1555
2681 2925
1551 1839
2719 2936
1986 2056
2090 2376
1584 1721
1312 1718
967 1621
1917 2374
1211 1730
2274 2333
203 265
94 194
2095 2611
1613 1835
2509 2512
3229 3231
1723 1791
700 784
921 1390
3139 3153
2084 2559
2060 2536
1282 1324
977 986
3576 3938
2782 3284
3563 3684
1104 1448
2150 2233
213 303
1041 1189
1365 1559
2200 2554
1159 1569
107 1726
2150 2350
1491 1804
1222 1881
2288 2309
2810 3213
1435 1717
1721 1835
2729 3435
3132 3355
1945 2510
991 1283
239 276
2750 2974
2007 2151
2476 2584
1104 1857
36 284
2078 2136
2115 2408
391 503
1940 2327
1962 2546
2232 2547
2866 2940
2180 2491
2194 2472
475 1427
1406 1732
1511 1705
2833 2991
2134 2264
2243 2509
925 1079
1183 1444
1919 2365
3472 3553
575 589
1277 1347
2892 3420
1335 1471
1947 2198
2114 2260
2828 3247
2153 2292
1966 2374
1997 2037
2133 2144
3265 3277
2184 2601
2156 2173
2873 3029
3478 3933
1929 2624
1181 1799
2306 2546
2324 2381
3150 3185
1078 1554
2780 3048
2063 2521
2701 3261
2122 2354
3021 3049
591 683
2128 2543
1330 1623
1939 2438
1305 1559
1979 2184
2796 3145
1963 2601
1516 1804
2276 2552
2031 2127
559 669
1939 2511
2853 3330
1352 1827
2021 2428
1083 1302
2369 2370
2520 2546
2053 2496
1109 1348
1256 1902
2223 2445
686 792
1044 1715
1199 1589
460 497
2140 2423
1972 2225
1998 2585
897 1312
1426 1655
3205 3369
2672 3396
2037 2359
3086 3410
1237 1427
980 1267
2810 2887
2363 2638
107 1153
2210 2220
1361 1858
2005 2352
100 119
2122 2593
1469 1541
2694 3078
1502 1649
3506 3829
275 306
2074 2229
1024 1707
2573 2611
2133 2384
3085 3129
2701 2797
1467 1598
517 1320
3024 3328
2237 2423
376 1358
1473 1699
1135 1663
932 997
1211 1669
1718 2189
1747 1895
249 302
2117 2126
2506 2543
727 800
1914 2225
2703 2972
1366 1807
3034 3101
1783 1907
2512 2516
1943 2188
2249 2491
1171 1486
1281 1582
1148 1841
1509 1761
2928 3119
2125 2138
2901 3277
1425 1574
2074 2266
3601 3604
1273 1824
2248 2335
1971 2306
2311 2324
2275 2370
1242 1623
728 843
2047 2649
2550 2607
1569 1611
1086 1198
1076 1669
471 566
2117 2419
2187 2420
2308 2560
1015 1322
3629 3722
1389 1535
1577 2465
2077 2408
2499 2524
2056 2142
2484 2578
950 1494
2680 3078
2090 2213
2266 2575
959 1409
2875 3248
107 1616
3314 3423
1083 1839
1339 1652
1086 1643
2188 2600
2737 2869
2123 2408
107 1152
1912 1940
2043 2433
2347 2590
0 7
158 322
1471 1600
1456 1605
1941 2206
2102 2529
2753 3106
2419 2516
2020 2356
3539 3890
993 1352
2915 3004
3454 3861
2317 2577
960 1598
2916 3363
3891 3902
2124 2369
2000 2011
2846 3046
2151 2289
3120 3344
3274 3287
2180 2264
1390 1721
1983 2410
2165 2410
1456 1608
995 1461
2681 2835
1715 1729
1329 1522
2112 2275
1200 1268
1963 2088
3542 3687
2086 2201
2633 2647
2336 2582
1981 2652
2037 2542
1984 2275
1379 1459
1465 2327
439 475
2060 2352
2020 2468
2028 2465
2969 3304
659 670
3464 3764
905 1692
2271 2554
1530 1643
1416 1746
1376 1867
2567 2582
2053 2336
2253 2369
1192 1292
2986 3174
1932 2649
2551 2630
2122 2309
3196 3289
2309 2326
1048 1269
1166 1820
1912 1991
1335 1839
1146 1898
